0.646002 0.372748
0.076332 0.29827
0.013128 0.522871
0.334501 0.565966
0.252863 0.893057
0.159755 0.932424
0.774627 0.414598
0.168068 0.183255
0.131346 0.015266
0.267002 0.257902
0.490882 0.304891
0.410006 0.336895
0.205034 0.985389
0.371573 0.519299
0.827553 0.44744
0.204007 0.446729
0.836069 0.277414
0.781717 0.825842
0.845823 0.054689
0.442386 0.054677
0.959211 0.562185
0.015499 0.677197
0.035932 0.15633
0.902977 0.12218
0.180119 0.153482
0.458297 0.625086
0.474088 0.826015
0.016611 0.618769
0.802648 0.388177
0.150534 0.573712
0.840034 0.345267
0.017633 0.648447
0.614837 0.725943
0.564545 0.458576
0.876108 0.986429
0.487305 0.768103
0.599548 0.509063
0.493724 0.588189
0.641886 0.427423
0.750201 0.823556
0.561197 0.13597
0.498276 0.049796
0.983716 0.533321
0.649779 0.756894
0.91416 0.759978
0.377759 0.734235
0.121464 0.36604
0.446624 0.728472
0.136969 0.955035
0.212413 0.956775
0.960513 0.676001
0.737336 0.569699
0.15758 0.234862
0.155436 0.804628
0.660531 0.866047
0.645832 0.210758
0.012868 0.131219
0.246823 0.01271
0.63598 0.88697
0.803636 0.554099
0.694739 0.141832
0.304565 0.784725
0.537602 0.688697
0.556371 0.632542
0.714254 0.709742
0.6067 0.614093
0.384833 0.351748
0.229946 0.547284
0.591686 0.338831
0.376461 0.263743
0.206616 0.014292
0.494211 0.247193
0.171273 0.678343
0.24784 0.795094
0.634065 0.04184
0.337816 0.310876
0.201486 0.614919
0.088593 0.654073
0.347606 0.644724
0.34266 0.014872
0.352081 0.952147
0.676365 0.74831
0.294982 0.855557
0.337992 0.874506
0.203637 0.675472
0.145386 0.383506
0.708562 0.627774
0.617057 0.865689
0.367005 0.860578
0.614191 0.981902
0.919258 0.961153
0.267501 0.072226
0.598568 0.371707
0.783216 0.88491
0.013653 0.047164
0.935374 0.387553
0.03704 0.574787
0.130707 0.297856
0.462033 0.486463
0.236449 0.600776
0.160864 0.35454
0.013546 0.860679
0.986341 0.605968
0.748274 0.356845
0.517525 0.387864
0.31709 0.376698
0.406735 0.573264
0.495782 0.961665
0.928226 0.211568
0.917343 0.929006
0.336219 0.808361
0.326956 0.345183
0.43829 0.466523
0.676098 0.82411
0.937032 0.85997
0.494742 0.127578
0.245365 0.482143
0.984617 0.207538
0.118628 0.706538
0.577134 0.556229
0.167094 0.866537
0.954368 0.45068
0.472504 0.455265
0.443928 0.403608
0.675344 0.337777
0.328449 0.98286
0.176109 0.599333
0.309465 0.547169
0.076959 0.984952
0.448877 0.013854
0.898188 0.903296
0.118694 0.085215
0.400284 0.111241
0.344056 0.497482
0.84904 0.865476
0.067103 0.955164
0.796023 0.064517
0.434771 0.238094
0.533296 0.897032
0.632258 0.15138
0.263557 0.920974
0.093635 0.384659
0.594679 0.448087
0.95056 0.6478
0.414099 0.372723
0.678662 0.296434
0.31882 0.751497
0.394269 0.702886
0.880506 0.688575
0.203544 0.743898
0.581344 0.275751
0.707528 0.358526
0.338532 0.151616
0.651595 0.807319
0.043402 0.24782
0.963672 0.284749
0.185278 0.088466
0.673767 0.715698
0.547028 0.573862
0.427438 0.959665
0.984012 0.03392
0.243158 0.272562
0.818687 0.615492
0.959793 0.729127
0.30521 0.156082
0.448909 0.884202
0.42181 0.168913
0.29144 0.745631
0.316479 0.893225
0.588316 0.399605
0.142268 0.540292
0.675548 0.368384
0.648836 0.331865
0.095369 0.170784
0.923031 0.508316
0.136868 0.88068
0.568717 0.359919
0.173378 0.388472
0.941252 0.083078
0.097158 0.224435
0.288492 0.520208
0.161334 0.707227
0.699562 0.447567
0.482575 0.014957
0.321506 0.097921
0.410021 0.47909
0.66724 0.043671
0.781092 0.269186
0.389489 0.876831
0.456223 0.260359
0.395952 0.542591
0.196174 0.893606
0.897874 0.340654
0.322268 0.848493
0.471326 0.418706
0.110676 0.731712
0.981551 0.238008
0.501403 0.662008
0.641422 0.949677
0.677454 0.986531
0.063596 0.061757
0.463645 0.685666
0.143429 0.209368
0.955335 0.481692
0.097802 0.41362
0.717638 0.501236
0.960282 0.898693
0.420243 0.863017
0.256298 0.715533
0.708618 0.661478
0.189529 0.771869
0.426444 0.130834
0.046038 0.930016
0.79241 0.689854
0.888774 0.449553
0.672671 0.92245
0.546142 0.105053
0.612322 0.665033
0.372781 0.584287
0.163595 0.451371
0.012454 0.933679
0.981543 0.957491
0.837318 0.382132
0.870382 0.042574
0.103192 0.504348
0.779099 0.231369
0.326356 0.185557
0.356113 0.344738
0.125948 0.123134
0.044183 0.98559
0.591316 0.70953
0.925426 0.107888
0.85114 0.535414
0.801603 0.208285
0.099761 0.956437
0.668813 0.10347
0.863341 0.637551
0.051661 0.654835
0.985828 0.927266
0.769039 0.082665
0.488784 0.493223
0.391009 0.76338
0.689641 0.69038
0.155622 0.769642
0.84865 0.172932
0.806754 0.417865
0.909451 0.695772
0.584547 0.744425
0.267905 0.380716
0.984926 0.341834
0.342605 0.687189
0.48416 0.196289
0.274115 0.552213
0.902765 0.281645
0.488922 0.623973
0.386449 0.953453
0.172792 0.741345
0.731424 0.792583
0.441525 0.829513
0.60948 0.255274
0.016819 0.381727
0.697372 0.937406
0.105188 0.276856
0.724963 0.332456
0.651776 0.687376
0.643001 0.984629
0.371725 0.154327
0.247859 0.627166
0.72187 0.122404
0.925063 0.159753
0.814473 0.324839
0.114544 0.931296
0.037502 0.839458
0.760751 0.473667
0.695444 0.391672
0.755682 0.703233
0.794117 0.446201
0.689821 0.849768
0.729544 0.381745
0.200477 0.384568
0.100885 0.842617
0.366527 0.436264
0.987387 0.567833
0.096664 0.685891
0.735698 0.032076
0.89014 0.525354
0.357705 0.983819
0.484447 0.383944
0.843713 0.204974
0.853658 0.503698
0.615818 0.564881
0.255429 0.41194
0.040801 0.901977
0.259327 0.748994
0.27576 0.43155
0.130618 0.33547
0.274374 0.494424
0.806527 0.292994
0.098057 0.873935
0.983789 0.773216
0.906398 0.836132
0.344971 0.251425
0.851794 0.78588
0.648464 0.655482
0.013452 0.451418
0.216165 0.640683
0.04202 0.431502
0.038332 0.072482
0.297573 0.272152
0.856573 0.574474
0.70831 0.963775
0.928771 0.012585
0.482007 0.709497
0.292711 0.57468
0.616443 0.284954
0.424104 0.53506
0.143586 0.732935
0.811288 0.935724
0.537497 0.41914
0.641872 0.546958
0.875626 0.814688
0.237753 0.942536
0.265556 0.189714
0.054874 0.536034
0.516001 0.940263
0.112929 0.199334
0.921562 0.045658
0.233232 0.389484
0.784064 0.528709
0.938055 0.421789
0.780676 0.356585
0.930149 0.897375
0.065659 0.679482
0.877722 0.599018
0.135427 0.503445
0.165457 0.034639
0.374551 0.318336
0.958823 0.593046
0.562741 0.039605
0.175068 0.060831
0.936045 0.29374
0.269006 0.832822
0.341527 0.467391
0.241031 0.128953
0.98664 0.135374
0.505121 0.73995
0.533356 0.447935
0.681926 0.592696
0.116447 0.566787
0.200002 0.23589
0.098266 0.341825
0.299904 0.461539
0.718891 0.29733
0.062842 0.226359
0.301493 0.210985
0.286491 0.236487
0.54131 0.54507
0.129063 0.824536
0.022681 0.322438
0.949311 0.034359
0.508529 0.470142
0.830923 0.015491
0.853635 0.464379
0.644767 0.013675
0.049433 0.799717
0.268007 0.155507
0.172471 0.556817
0.600639 0.840067
0.822023 0.682251
0.082829 0.139416
0.904641 0.396281
0.383165 0.384153
0.921787 0.476848
0.262853 0.957493
0.817684 0.181885
0.013519 0.295343
0.628627 0.784957
0.309823 0.486603
0.296698 0.916361
0.507706 0.353353
0.728288 0.75977
0.494932 0.848801
0.350989 0.082805
0.719054 0.175662
0.759478 0.761631
0.295471 0.631387
0.219775 0.705373
0.064185 0.100412
0.214856 0.262931
0.060457 0.011985
0.442181 0.105701
0.30272 0.074509
0.890673 0.62603
0.543611 0.194304
0.529855 0.04479
0.524361 0.256782
0.832919 0.988264
0.116779 0.150671
0.094195 0.811777
0.372649 0.814712
0.629845 0.634665
0.453235 0.76439
0.403667 0.508462
0.915133 0.545285
0.79609 0.013814
0.584122 0.23861
0.10579 0.901694
0.28277 0.014314
0.537635 0.846333
0.202205 0.049029
0.899739 0.726864
0.311283 0.697318
0.677013 0.426401
0.881966 0.753973
0.236426 0.191421
0.581169 0.863173
0.894742 0.054906
0.614516 0.219174
0.575645 0.528804
0.811798 0.358813
0.557362 0.394484
0.576877 0.606352
0.285274 0.885937
0.67044 0.784151
0.762163 0.793703
0.832136 0.644394
0.526658 0.132802
0.368334 0.206561
0.544194 0.228494
0.012446 0.753532
0.465641 0.592154
0.647617 0.30054
0.668605 0.24898
0.512413 0.221882
0.785105 0.326009
0.56326 0.318757
0.732632 0.149386
0.94843 0.955426
0.019177 0.551323
0.818349 0.780121
0.43479 0.592909
0.43903 0.932679
0.78935 0.755318
0.156516 0.321372
0.013928 0.170826
0.133473 0.437418
0.774003 0.7269
0.742807 0.409598
0.017245 0.231608
0.619818 0.754899
0.570366 0.174114
0.087564 0.252836
0.314313 0.018123
0.276112 0.334611
0.582866 0.01501
0.109992 0.984905
0.614124 0.533767
0.899122 0.42188
0.32925 0.057307
0.751587 0.323547
0.230713 0.852856
0.776784 0.93575
0.628837 0.497844
0.407349 0.642898
0.716495 0.987467
0.430065 0.280059
0.197091 0.503719
0.546272 0.515139
0.558228 0.714092
0.856465 0.135872
0.78531 0.962604
0.126178 0.405258
0.513446 0.016137
0.839562 0.810875
0.088408 0.54568
0.161233 0.287859
0.426381 0.900626
0.265031 0.04161
0.441159 0.653806
0.732215 0.089863
0.664607 0.1445
0.397016 0.795838
0.710706 0.871796
0.316182 0.244732
0.686391 0.170843
0.412342 0.444197
0.162485 0.49025
0.854396 0.667243
0.53594 0.659735
0.518879 0.603054
0.237769 0.660243
0.892974 0.659376
0.596031 0.195521
0.72994 0.936147
0.862654 0.430933
0.056655 0.485929
0.601036 0.477254
0.360787 0.290005
0.368492 0.670929
0.546439 0.01363
0.832512 0.91066
0.451153 0.983432
0.484085 0.275236
0.679497 0.014254
0.984937 0.09918
0.649949 0.178422
0.800672 0.587653
0.836519 0.4142
0.774202 0.565031
0.378499 0.635974
0.981888 0.435565
0.198872 0.563837
0.89066 0.499374
0.869062 0.225363
0.160271 0.41985
0.299846 0.98197
0.361013 0.709438
0.960026 0.79455
0.012919 0.587454
0.848774 0.938223
0.728787 0.473037
0.167776 0.522333
0.012234 0.98114
0.933058 0.785016
0.525312 0.3162
0.48121 0.523735
0.756523 0.624305
0.048333 0.626958
0.138608 0.910348
0.840777 0.309006
0.343276 0.119269
0.274802 0.684682
0.807759 0.258114
0.511254 0.822534
0.869416 0.324883
0.788992 0.617336
0.799184 0.90702
0.214498 0.797689
0.908024 0.08111
0.628114 0.459412
0.417037 0.085075
0.941484 0.137182
0.714627 0.013061
0.810255 0.818613
0.924923 0.670079
0.138695 0.264987
0.762018 0.443549
0.944649 0.538127
0.691442 0.473875
0.439866 0.563488
0.794251 0.158317
0.20138 0.532076
0.103393 0.312196
0.380329 0.052869
0.482365 0.986311
0.480219 0.877589
0.071713 0.421783
0.06718 0.772904
0.415422 0.822987
0.623836 0.395106
0.52426 0.718789
0.637749 0.241037
0.249556 0.57145
0.819971 0.878921
0.044158 0.199254
0.487222 0.797677
0.42664 0.62093
0.374394 0.487601
0.985756 0.742449
0.540943 0.480959
0.753267 0.98647
0.365627 0.782641
0.414851 0.404655
0.596008 0.807955
0.259605 0.220043
0.231589 0.736679
0.987675 0.846793
0.015662 0.202745
0.426328 0.789023
0.133873 0.470202
0.055378 0.599824
0.291802 0.400338
0.269026 0.647383
0.905582 0.224448
0.391453 0.419406
0.696935 0.108602
0.424744 0.03038
0.933537 0.822776
0.454646 0.53282
0.680234 0.630726
0.771227 0.854767
0.42281 0.757037
0.710883 0.415838
0.960452 0.113549
0.236218 0.065634
0.648393 0.271674
0.647352 0.9148
0.704004 0.905005
0.590854 0.580991
0.172432 0.984844
0.064618 0.822086
0.100566 0.476555
0.895467 0.016147
0.328804 0.280122
0.559246 0.986093
0.929992 0.327318
0.864439 0.359704
0.064939 0.565254
0.75869 0.012789
0.74854 0.959024
0.076512 0.358805
0.288212 0.716177
0.319151 0.950399
0.644522 0.84301
0.558226 0.773667
0.846573 0.607655
0.612548 0.948727
0.042962 0.461067
0.986764 0.405147
0.723977 0.535615
0.426767 0.67874
0.842351 0.244011
0.01327 0.895893
0.833958 0.72143
0.896152 0.573461
0.759256 0.916154
0.948857 0.986204
0.711915 0.203788
0.922439 0.360388
0.075143 0.457888
0.16951 0.900782
0.09506 0.783079
0.876264 0.109649
0.261558 0.862248
0.520193 0.986726
0.396015 0.90242
0.683147 0.225321
0.185953 0.644656
0.099721 0.014422
0.404139 0.014585
0.59241 0.154563
0.955161 0.511438
0.156068 0.651724
0.752513 0.058261
0.015098 0.791759
0.541235 0.160966
0.732518 0.608685
0.915735 0.602995
0.780232 0.19053
0.457159 0.296428
0.196422 0.858034
0.236481 0.824267
0.045488 0.401341
0.507931 0.1618
0.406486 0.931697
0.195279 0.928799
0.096366 0.112524
0.42142 0.202049
0.8271 0.14962
0.30641 0.820741
0.964829 0.866265
0.984789 0.707051
0.465565 0.950931
0.335775 0.216771
0.124243 0.762529
0.549916 0.289111
0.644121 0.720677
0.136389 0.683849
0.154199 0.623884
0.875874 0.550229
0.552033 0.070657
0.519438 0.634382
0.22492 0.914959
0.910331 0.986862
0.135765 0.177498
0.843641 0.106019
0.037221 0.768517
0.81144 0.506922
0.751809 0.114815
0.790675 0.790141
0.901756 0.309895
0.074786 0.509678
0.076925 0.197115
0.213135 0.207367
0.830763 0.077818
0.767447 0.384715
0.122962 0.240331
0.042419 0.292679
0.223402 0.881849
0.308114 0.323613
0.088559 0.079914
0.399354 0.146133
0.881193 0.198389
0.653776 0.578579
0.357973 0.405527
0.400737 0.222741
0.683992 0.501783
0.803523 0.71853
0.669674 0.95848
0.985677 0.500783
0.07479 0.711054
0.876369 0.1684
0.988004 0.88959
0.479275 0.15908
0.819923 0.748979
0.501957 0.897716
0.881437 0.875269
0.036313 0.729365
0.122957 0.658462
0.336857 0.439048
0.090268 0.748762
0.700326 0.773813
0.267873 0.461541
0.566531 0.949929
0.475045 0.558917
0.438206 0.503725
0.293952 0.301039
0.691249 0.26932
0.235917 0.16016
0.407517 0.057535
0.95262 0.927245
0.908062 0.801362
0.858548 0.965831
0.588714 0.933573
0.616579 0.914841
0.409798 0.730168
0.697791 0.043023
0.540632 0.926037
0.511922 0.102584
0.88951 0.951438
0.619032 0.319746
0.463409 0.913117
0.612295 0.128361
0.201458 0.828736
0.333608 0.591927
0.867202 0.26204
0.527988 0.760679
0.044132 0.347536
0.775495 0.647901
0.307381 0.432759
0.569438 0.661662
0.180725 0.2102
0.765563 0.674765
0.176131 0.257361
0.777812 0.039031
0.222894 0.419428
0.323534 0.662367
0.333307 0.923185
0.829348 0.482668
0.783017 0.112782
0.087202 0.585579
0.397939 0.605318
0.442646 0.435187
0.986243 0.175876
0.063491 0.270656
0.629344 0.59588
0.949581 0.758203
0.850099 0.697911
0.470413 0.044544
0.950172 0.251227
0.062112 0.168348
0.660944 0.401046
0.821978 0.962761
0.300563 0.601218
0.484906 0.083553
0.710493 0.590684
0.720038 0.063136
0.20833 0.113278
0.514136 0.191467
0.269226 0.601527
0.490576 0.924822
0.238952 0.446809
0.691941 0.077656
0.150988 0.147761
0.148716 0.106332
0.393028 0.184397
0.249126 0.100873
0.575185 0.087044
0.071447 0.892969
0.672447 0.552628
0.960179 0.401128
0.116788 0.63138
0.486777 0.329743
0.791905 0.987849
0.519474 0.075425
0.611429 0.017842
0.960906 0.830428
0.473078 0.65586
0.929144 0.576288
0.871363 0.080929
0.721324 0.264561
0.290012 0.946235
0.350633 0.835827
0.013638 0.414814
0.730829 0.683708
0.928693 0.726721
0.080052 0.037431
0.36938 0.556626
0.370852 0.12098
0.557008 0.876889
0.203287 0.176563
0.892266 0.147286
0.982775 0.372553
0.857658 0.896143
0.946319 0.700025
0.987363 0.671611
0.925817 0.259553
0.590181 0.305029
0.109556 0.602519
0.700741 0.805275
0.326186 0.623028
0.570411 0.42638
0.678232 0.887793
0.98643 0.065995
0.037895 0.51003
0.954846 0.218509
0.718024 0.829006
0.433636 0.704967
0.234939 0.235255
0.618467 0.179279
0.919786 0.635828
0.838492 0.839508
0.921753 0.44771
0.170346 0.011495
0.071488 0.852984
0.86664 0.398694
0.503082 0.41223
0.813772 0.125668
0.335091 0.778218
0.217852 0.328824
0.35684 0.180361
0.588702 0.052513
0.031261 0.957633
0.746957 0.282529
0.25047 0.355706
0.450335 0.148476
0.986813 0.306839
0.045727 0.870923
0.749584 0.198429
0.88406 0.783449
0.04043 0.6945
0.216487 0.478204
0.141556 0.984185
0.660522 0.45491
0.80521 0.853163
0.806853 0.09515
0.01399 0.351194
0.149257 0.077028
0.356176 0.89861
0.344821 0.535595
0.273055 0.7745
0.753788 0.250747
0.061778 0.738494
0.126813 0.793306
0.974452 0.01029
0.587814 0.980013
0.74078 0.731068
0.518873 0.868577
0.770353 0.141029
0.319533 0.516116
0.031632 0.10753
0.657385 0.070747
0.474016 0.738346
0.183169 0.802064
0.654347 0.519036
0.370148 0.924441
0.284398 0.09967
0.186653 0.315912
0.869669 0.292458
0.165642 0.835556
0.329354 0.722792
0.816186 0.04142
0.517313 0.286069
0.894663 0.250531
0.450992 0.209909
0.777227 0.499288
0.349772 0.375916
0.568378 0.800303
0.191786 0.710405
0.623851 0.819165
0.237277 0.983301
0.747424 0.508376
0.079266 0.924489
0.876107 0.923476
0.269923 0.985979
0.754238 0.540934
0.702708 0.561158
0.570839 0.211224
0.881363 0.47634
0.472213 0.352589
0.74299 0.224046
0.861923 0.014467
0.611251 0.424055
0.850613 0.754898
0.103987 0.445122
0.624038 0.353523
0.452558 0.377563
0.824671 0.532957
0.295877 0.664594
0.50869 0.536232
0.676086 0.197593
0.055394 0.378237
0.803979 0.653986
0.592308 0.641711
0.10734 0.051082
0.986837 0.808486
0.279067 0.805609
0.87537 0.843547
0.243276 0.686533
0.697694 0.320381
0.192844 0.285432
0.656606 0.614824
0.655643 0.484812
0.176745 0.956594
0.139038 0.598678
0.518142 0.787746
0.829106 0.573717
0.212469 0.584995
0.228446 0.769493
0.264546 0.295268
0.81792 0.229321
0.174778 0.12067
0.017332 0.013352
0.986169 0.267393
0.738019 0.650481
0.567687 0.909204
0.950269 0.185594
0.547555 0.60249
0.677338 0.662644
0.594407 0.775119
0.276344 0.127633
0.583841 0.117944
0.703995 0.737292
0.735573 0.85337
0.538932 0.963127
0.220093 0.360252
0.189707 0.348421
0.472727 0.228687
0.381904 0.460058
0.469054 0.118723
0.135207 0.047555
0.011802 0.085494
0.256435 0.527727
0.75192 0.880286
0.248192 0.321629
0.692464 0.528955
0.412603 0.309191
0.643727 0.119924
0.063615 0.324468
0.983563 0.637908
0.292927 0.181935
0.985462 0.466904
0.571386 0.49214
0.732365 0.901786
0.910367 0.184257
0.041382 0.03421
0.229899 0.035945
0.18526 0.471205
0.594932 0.893247
0.393477 0.841504
0.217341 0.085688
0.396687 0.672407
0.417485 0.985593
0.797842 0.474659
0.352616 0.749496
0.081689 0.623419
0.958572 0.065296
0.114341 0.532148
0.565342 0.833976
0.517331 0.505055
0.01513 0.485581
0.55644 0.257217
0.576629 0.686118
0.756597 0.16915
0.605296 0.09274
0.014967 0.822491
0.191296 0.41886
0.512245 0.565356
0.395788 0.287159
0.012728 0.713055
0.053249 0.130693
0.374939 0.017017
0.232346 0.511163
0.552752 0.74262
0.35362 0.044067
0.292779 0.35968
0.539703 0.810213
0.634765 0.09005
0.538505 0.369335
0.310037 0.12764
0.446179 0.321578
0.949805 0.618945
0.731656 0.441881
0.20856 0.142292
0.712289 0.23648
0.869171 0.723586
0.371547 0.234867
0.762933 0.592296
0.77088 0.299546
0.379745 0.086352
0.360511 0.611255
0.455687 0.855145
0.456356 0.080012
0.983415 0.985544
0.409221 0.254665
0.132434 0.853707
0.614882 0.061515
0.540458 0.339632
0.504054 0.690925
0.453736 0.180174
0.954237 0.35722
0.95891 0.322043
0.620111 0.691306
0.888901 0.372757
0.016111 0.263291
0.43839 0.350346
0.910194 0.869303
0.223022 0.298233
0.964527 0.157541
0.325489 0.406381
0.499526 0.440453
0.297963 0.045082
0.455241 0.796992
0.387174 0.983087
