0.0074403 7.11475e-05
0.0906086 0.00809089
0.114437 0.000303043
0.162484 0.00122743
0.187853 0.000643503
0.214385 0.00320599
0.287765 0.000510783
0.358417 9.95243e-05
0.448965 0.00243773
0.48987 0.00276755
0.534332 0.00140198
0.626546 0.000369702
0.700503 0.00226292
0.725722 0.0031404
0.753247 0.00665598
0.778132 0.00306898
0.82069 0.0035358
0.865513 0.00100223
0.893041 0.00107511
0.943077 0.00138431
0.0343094 0.0113089
0.138983 0.0112993
0.30737 0.0162513
0.336471 0.012724
0.389027 0.0158958
0.423244 0.0128766
0.51256 0.0164955
0.586107 0.0155347
0.672213 0.0089515
0.91593 0.011748
0.984486 0.0147856
0.0669235 0.0180709
0.173871 0.0236874
0.247164 0.0176375
0.561328 0.0202894
0.79615 0.0249922
0.841775 0.0199213
0.00295033 0.0284303
0.086914 0.0345
0.116143 0.0278253
0.207395 0.0326226
0.349544 0.0347766
0.455964 0.0298652
0.534554 0.0349771
0.603309 0.0350344
0.627701 0.0272278
0.658993 0.0312554
0.697005 0.0292637
0.728895 0.0343665
0.769063 0.030334
0.882845 0.0318771
0.952221 0.0333344
0.233644 0.0401184
0.266026 0.0361036
0.388104 0.0428718
0.412689 0.0379767
0.48732 0.0371715
0.825556 0.0399366
0.978449 0.040166
0.0275598 0.045393
0.0559259 0.0463814
0.142603 0.0523242
0.168262 0.0483148
0.289743 0.0478366
0.319035 0.0452811
0.437118 0.0491171
0.574863 0.0455657
0.633522 0.0521911
0.677387 0.0490517
0.784867 0.0505413
0.856703 0.0454107
0.906399 0.0477986
0.0790316 0.0585012
0.110367 0.0544407
0.202102 0.0573378
0.477769 0.0603473
0.756497 0.0542367
0.955175 0.0607294
0.000332696 0.0631596
0.0387322 0.0682792
0.226801 0.0692205
0.303193 0.0697987
0.345795 0.063389
0.379563 0.0689862
0.418396 0.0678653
0.502215 0.0679695
0.526737 0.0617437
0.705563 0.0622202
0.823397 0.06497
0.848259 0.0691503
0.875746 0.0629832
0.925781 0.0672006
0.097343 0.0785605
0.180468 0.070234
0.54914 0.0765058
0.608702 0.072959
0.650806 0.077745
0.682793 0.0737693
0.732442 0.0732454
0.979766 0.0738847
0.00763679 0.0870893
0.0685338 0.0854791
0.138235 0.0828507
0.260096 0.0798634
0.458398 0.0805645
0.585117 0.0842484
0.763314 0.0799734
0.803728 0.0806103
0.898523 0.0804261
0.955032 0.0859385
0.163432 0.0918382
0.190912 0.0951944
0.225436 0.0960529
0.283887 0.0913129
0.317923 0.0946204
0.342909 0.0885028
0.51826 0.0904841
0.920805 0.0960695
0.0472099 0.0999103
0.122465 0.104433
0.368203 0.102646
0.41298 0.0988866
0.439065 0.0988341
0.487109 0.100651
0.612321 0.104223
0.682831 0.100683
0.82551 0.103908
0.850705 0.098205
0.9796 0.104351
0.0787634 0.112975
0.244931 0.112379
0.546336 0.109621
0.710859 0.111023
0.78345 0.111149
0.875879 0.10727
0.900859 0.11338
0.955605 0.111456
0.00340355 0.115956
0.0291012 0.119646
0.155768 0.115872
0.205334 0.119949
0.278458 0.117842
0.303575 0.115389
0.385367 0.122612
0.462643 0.121078
0.508749 0.116829
0.587558 0.119103
0.648567 0.117015
0.742609 0.117542
0.133976 0.128145
0.328417 0.128833
0.436566 0.130225
0.560621 0.13115
0.691424 0.130748
0.808266 0.124389
0.850186 0.128497
0.0623393 0.136533
0.168192 0.138416
0.534794 0.131856
0.873556 0.13959
0.94134 0.133447
0.00454619 0.145674
0.0393975 0.146794
0.100966 0.144018
0.240696 0.140453
0.268032 0.144253
0.350827 0.142481
0.411533 0.141124
0.496375 0.140878
0.625528 0.141873
0.652627 0.142593
0.734845 0.1414
0.771164 0.146179
0.901401 0.140593
0.962796 0.148016
0.987756 0.144767
0.21136 0.151376
0.470008 0.154296
0.52664 0.156879
0.586504 0.152795
0.681706 0.155416
0.806263 0.150242
0.933657 0.157746
0.151893 0.158117
0.245113 0.165689
0.299014 0.161889
0.324382 0.161082
0.393395 0.162693
0.56249 0.16553
0.706624 0.166077
0.845905 0.162388
0.881489 0.164388
0.0273666 0.169026
0.0629288 0.169554
0.0884262 0.168508
0.129434 0.1713
0.176751 0.17094
0.272515 0.171429
0.350555 0.167812
0.419556 0.166841
0.502967 0.173508
0.628564 0.169429
0.659389 0.175379
0.739811 0.166833
0.765997 0.170643
0.791507 0.171419
0.818725 0.173587
0.907367 0.16682
0.981431 0.173309
0.206427 0.180414
0.454 0.176141
0.478707 0.180412
0.53789 0.180957
0.585256 0.179209
0.0130576 0.189687
0.0466033 0.190455
0.0828494 0.19291
0.108663 0.189872
0.238638 0.191241
0.295791 0.187061
0.321775 0.190233
0.384378 0.188109
0.697082 0.192261
0.750166 0.190158
0.866986 0.185988
0.899177 0.190606
0.940514 0.187316
0.163909 0.195973
0.190216 0.200343
0.344925 0.200283
0.428806 0.200334
0.553231 0.201539
0.808099 0.196369
0.838697 0.195181
0.97431 0.197365
0.140786 0.206625
0.217923 0.205515
0.272321 0.20441
0.399997 0.207743
0.45963 0.208048
0.487035 0.204193
0.582384 0.204191
0.625136 0.204308
0.652609 0.202621
0.721012 0.208864
0.785144 0.20668
0.878309 0.209043
0.919545 0.205881
0.02437 0.216295
0.0575659 0.215045
0.094126 0.216124
0.249196 0.213942
0.310742 0.21303
0.373466 0.21121
0.514989 0.212202
0.760493 0.218699
0.852313 0.217433
0.95579 0.216599
8.72099e-05 0.227052
0.121158 0.226337
0.282979 0.227957
0.333413 0.224691
0.439318 0.223762
0.476298 0.227069
0.644626 0.227965
0.671743 0.221979
0.699184 0.221075
0.812729 0.221311
0.932997 0.227337
0.14575 0.233004
0.22717 0.231501
0.361522 0.234088
0.402857 0.23664
0.557874 0.234365
0.612322 0.235487
0.735662 0.229537
0.791535 0.235365
0.894058 0.229692
0.977944 0.229768
0.0818744 0.238211
0.170877 0.242182
0.199429 0.241388
0.251277 0.238864
0.458859 0.245444
0.503045 0.237883
0.76786 0.243569
0.868602 0.238107
1.9576e-05 0.252073
0.0373953 0.247393
0.1229 0.254044
0.273293 0.251232
0.317341 0.246435
0.433602 0.248461
0.54007 0.253078
0.581434 0.246727
0.662959 0.246293
0.710346 0.246663
0.846223 0.252234
0.954732 0.246206
0.0677208 0.259281
0.217045 0.259597
0.242006 0.262505
0.338863 0.262565
0.373123 0.259831
0.514266 0.260658
0.632481 0.260724
0.737536 0.255192
0.807466 0.256981
0.901669 0.258595
0.980855 0.255121
0.016435 0.270936
0.0431933 0.271863
0.0945516 0.264809
0.143789 0.267853
0.188405 0.265673
0.292264 0.26968
0.40245 0.264108
0.479292 0.26406
0.596576 0.267175
0.655493 0.271719
0.681005 0.263808
0.786128 0.271175
0.865385 0.271641
0.934513 0.263171
0.263491 0.279583
0.31674 0.275883
0.431098 0.273945
0.458138 0.277652
0.72507 0.277949
0.751893 0.277414
0.990731 0.2785
0.0660891 0.28437
0.120454 0.281566
0.168399 0.28727
0.237024 0.287029
0.356064 0.280859
0.384853 0.286776
0.410238 0.289231
0.482415 0.289405
0.559834 0.282262
0.617273 0.283013
0.700364 0.284931
0.816348 0.282623
0.888927 0.284776
0.959991 0.284241
0.00100223 0.2933
0.0314878 0.297501
0.0907357 0.298022
0.194159 0.293292
0.509979 0.290218
0.536047 0.291089
0.586899 0.295975
0.674654 0.289577
0.93226 0.29042
0.131879 0.303832
0.289581 0.306933
0.323665 0.300499
0.361293 0.305919
0.430435 0.304327
0.651132 0.300108
0.719263 0.302519
0.747038 0.302896
0.80229 0.305845
0.836562 0.298437
0.864889 0.298247
0.98291 0.303507
0.156111 0.315047
0.218904 0.30959
0.462378 0.308388
0.558363 0.313648
0.622826 0.307969
0.774099 0.308044
0.906698 0.307338
0.0102716 0.321883
0.0499649 0.316895
0.108335 0.315804
0.254815 0.319397
0.310121 0.321578
0.506592 0.323972
0.663954 0.321981
0.698138 0.317245
0.837877 0.324478
0.950797 0.323932
0.0766362 0.3297
0.178014 0.333209
0.281028 0.332359
0.345654 0.326387
0.403983 0.327654
0.447354 0.330213
0.579388 0.329594
0.605404 0.327429
0.883052 0.325978
0.914957 0.331059
0.990095 0.327687
0.114887 0.34053
0.139737 0.335104
0.47247 0.336795
0.533719 0.334959
0.629912 0.335326
0.728858 0.339622
0.781824 0.334353
0.0352919 0.342769
0.199055 0.348835
0.22393 0.343709
0.313146 0.346424
0.371272 0.345125
0.423861 0.342946
0.695656 0.343486
0.752775 0.347989
0.821847 0.343896
0.896833 0.348724
0.946548 0.348617
0.971907 0.345031
0.00366008 0.351579
0.0789979 0.356935
0.14821 0.358762
0.400929 0.354493
0.448257 0.358811
0.485902 0.358143
0.571826 0.353482
0.662645 0.351379
0.794003 0.356221
0.872295 0.354546
0.0297908 0.367848
0.108885 0.366075
0.173848 0.36233
0.248359 0.364701
0.273899 0.363
0.331102 0.365524
0.357337 0.36826
0.521094 0.363186
0.547042 0.361646
0.59881 0.365224
0.636419 0.362794
0.711819 0.367625
0.770647 0.365678
0.919198 0.359989
0.000281092 0.376437
0.0562145 0.371564
0.306625 0.370632
0.421081 0.372507
0.680833 0.370208
0.824717 0.37104
0.852126 0.370005
0.950393 0.376036
0.981619 0.373416
0.0774575 0.3858
0.132784 0.379362
0.206597 0.383332
0.286481 0.385456
0.481906 0.383301
0.580761 0.383296
0.792635 0.381219
0.873642 0.384321
0.901009 0.380652
0.926292 0.384793
0.0303629 0.393557
0.101989 0.390663
0.17688 0.38812
0.259159 0.390527
0.389051 0.394464
0.45512 0.389789
0.509948 0.386842
0.537145 0.39298
0.672823 0.394176
0.707167 0.393397
0.745833 0.389376
0.00637596 0.400919
0.0567962 0.402746
0.123714 0.40318
0.309929 0.397619
0.349597 0.399202
0.56152 0.399306
0.619602 0.397618
0.646844 0.40002
0.851388 0.402604
0.976982 0.400186
0.154138 0.405644
0.229626 0.406259
0.432951 0.411013
0.492555 0.406155
0.770092 0.406512
0.796518 0.40796
0.822024 0.403787
0.947256 0.411476
0.0380022 0.420928
0.0995792 0.418926
0.205459 0.413387
0.262641 0.415393
0.372076 0.416069
0.466414 0.413888
0.514679 0.41795
0.589883 0.413908
0.89225 0.414514
0.00432774 0.426142
0.0756923 0.426969
0.128979 0.427708
0.181419 0.423089
0.293949 0.42247
0.398548 0.42208
0.549413 0.421201
0.621401 0.424288
0.660475 0.423798
0.733635 0.421063
0.913559 0.42869
0.323974 0.432431
0.352295 0.433812
0.576819 0.43668
0.697087 0.435095
0.855638 0.431318
0.883724 0.438136
0.987876 0.430956
0.0253999 0.446167
0.0532719 0.443439
0.147243 0.444856
0.204945 0.438671
0.243612 0.443467
0.268957 0.439707
0.421686 0.43899
0.458998 0.443584
0.484495 0.439603
0.515547 0.444444
0.543915 0.44593
0.639433 0.442276
0.67292 0.447247
0.769495 0.440092
0.815215 0.4391
0.937883 0.440336
0.965448 0.444685
0.114074 0.449597
0.176122 0.447789
0.390831 0.450954
0.612001 0.453175
0.739516 0.449516
0.864825 0.454602
0.904954 0.453938
0.00760226 0.464907
0.0716788 0.464129
0.290913 0.456904
0.316994 0.457666
0.367095 0.461567
0.426772 0.464805
0.831843 0.464502
0.145656 0.471795
0.187255 0.470784
0.237971 0.468233
0.337191 0.473511
0.463901 0.472481
0.569917 0.465407
0.653554 0.469687
0.710187 0.472344
0.803039 0.472093
0.928645 0.465107
0.030224 0.481414
0.0996865 0.481906
0.212833 0.474524
0.302057 0.480212
0.387863 0.476548
0.491086 0.477439
0.522383 0.476742
0.608457 0.481289
0.67979 0.477284
0.758429 0.474638
0.872555 0.481096
0.898799 0.48038
0.949863 0.481334
0.989478 0.474518
0.00224144 0.489814
0.061798 0.487789
0.124861 0.486575
0.257295 0.484722
0.442181 0.486795
0.565148 0.490482
0.734044 0.483273
0.821811 0.490123
0.160263 0.499734
0.196625 0.49947
0.360117 0.493088
0.588765 0.49906
0.652455 0.495767
0.709738 0.499292
0.777251 0.494255
0.847369 0.491995
0.921958 0.491278
0.318163 0.508336
0.39671 0.501485
0.423369 0.503587
0.517986 0.505779
0.617212 0.506471
0.751601 0.502415
0.00924517 0.516589
0.0405829 0.514273
0.0707544 0.514366
0.118047 0.513805
0.235062 0.510211
0.269467 0.508872
0.29384 0.515475
0.344728 0.513642
0.374093 0.51404
0.448248 0.51569
0.478678 0.511353
0.812129 0.513412
0.931341 0.514504
0.956325 0.515933
0.982507 0.511419
0.0947572 0.522963
0.143225 0.519729
0.542904 0.518055
0.570719 0.520128
0.690645 0.518093
0.726643 0.519986
0.785365 0.520024
0.851812 0.522712
0.887381 0.517594
0.172418 0.529301
0.19705 0.533882
0.230377 0.534864
0.273508 0.534439
0.408261 0.531312
0.48773 0.534669
0.512374 0.530157
0.631901 0.533103
0.662048 0.528328
0.753218 0.531538
0.912629 0.531147
0.026651 0.53581
0.0743302 0.539265
0.300032 0.540028
0.339659 0.539336
0.366565 0.538157
0.971135 0.539016
0.00383355 0.548105
0.0496859 0.547432
0.118824 0.548536
0.151874 0.549042
0.436184 0.544859
0.55045 0.548601
0.599861 0.545005
0.690106 0.546555
0.729991 0.546007
0.774832 0.544908
0.807811 0.544203
0.834456 0.552294
0.878269 0.549603
0.94601 0.549546
0.0970923 0.56101
0.198247 0.559084
0.224593 0.560827
0.277576 0.560119
0.317901 0.559739
0.460164 0.559088
0.521316 0.553578
0.640452 0.560944
0.665104 0.553513
0.752697 0.556873
0.989092 0.557062
0.0260451 0.562015
0.254043 0.569555
0.345678 0.56559
0.372214 0.565474
0.39821 0.568783
0.5657 0.568622
0.707663 0.565439
0.920872 0.56478
0.0486395 0.572734
0.0745987 0.573982
0.153601 0.575026
0.299644 0.577012
0.433596 0.57541
0.487022 0.571295
0.597383 0.575488
0.683295 0.576582
0.782878 0.57056
0.817287 0.574401
0.846178 0.575397
0.952892 0.576366
0.0281592 0.587201
0.0963624 0.586928
0.462844 0.584133
0.507904 0.585067
0.624515 0.583842
0.651893 0.58347
0.728185 0.58003
0.758499 0.581216
0.872029 0.582969
0.904469 0.587245
0.990191 0.585719
0.123453 0.588162
0.214464 0.588139
0.274958 0.587835
0.37446 0.592443
0.411441 0.591134
0.548774 0.590553
0.704819 0.590326
0.800861 0.59421
0.831036 0.595507
0.00282156 0.596696
0.050609 0.598591
0.0755284 0.601082
0.1788 0.596543
0.253833 0.602336
0.320473 0.597126
0.351819 0.60472
0.437548 0.601411
0.582593 0.600455
0.745254 0.60462
0.775429 0.599611
0.933355 0.596527
0.965498 0.599574
0.152027 0.607104
0.229133 0.608896
0.286363 0.613591
0.393725 0.608879
0.461481 0.609607
0.48657 0.611154
0.53529 0.612432
0.560609 0.612689
0.606785 0.607983
0.642551 0.607282
0.667748 0.60532
0.720331 0.612338
0.867905 0.608378
0.909576 0.611827
0.987474 0.612391
0.0362624 0.620025
0.095253 0.617401
0.12845 0.617041
0.194558 0.619908
0.809398 0.621947
0.842899 0.620643
0.0644269 0.624105
0.262963 0.626879
0.308131 0.627622
0.334441 0.625184
0.424814 0.623318
0.510372 0.622812
0.668543 0.630896
0.780766 0.624392
0.891865 0.631144
0.944298 0.623763
0.0182281 0.637705
0.15566 0.631853
0.237612 0.633593
0.367702 0.632444
0.459369 0.636364
0.490425 0.638736
0.561845 0.637773
0.58971 0.633925
0.643468 0.63376
0.704043 0.632379
0.739128 0.639272
0.915553 0.640295
0.135928 0.647251
0.17862 0.641843
0.206581 0.645094
0.282175 0.642992
0.347104 0.647092
0.397482 0.641347
0.53671 0.640844
0.964547 0.641818
0.104858 0.650723
0.257766 0.651698
0.36984 0.657634
0.43265 0.657599
0.511905 0.657774
0.617658 0.652687
0.660207 0.655274
0.686506 0.650748
0.762649 0.653498
0.801562 0.6503
0.831458 0.652429
0.875692 0.652716
0.938488 0.651038
0.0394464 0.665979
0.0761591 0.662919
0.227605 0.659348
0.298133 0.662466
0.325815 0.660865
0.394208 0.666387
0.485982 0.664517
0.714549 0.659362
0.898476 0.664557
0.984988 0.659044
0.121214 0.670346
0.16594 0.667533
0.347156 0.675015
0.45675 0.671214
0.53875 0.673716
0.564637 0.670661
0.744494 0.673999
0.816554 0.673885
0.00511319 0.678688
0.093536 0.682963
0.203018 0.675597
0.256023 0.67772
0.433248 0.683685
0.506163 0.683888
0.594868 0.675652
0.628517 0.676506
0.686385 0.678478
0.841735 0.675804
0.958215 0.675733
0.137418 0.690811
0.176908 0.690658
0.230886 0.687047
0.285229 0.684211
0.321194 0.685695
0.402225 0.691328
0.655328 0.687676
0.722203 0.688118
0.790929 0.684975
0.890069 0.68905
0.986316 0.685888
0.0629821 0.694254
0.359242 0.698311
0.471955 0.693069
0.557476 0.695495
0.584989 0.699422
0.613535 0.697788
0.860761 0.699718
0.923944 0.693754
0.00217725 0.705009
0.037584 0.703464
0.243806 0.709722
0.271401 0.706082
0.421643 0.708626
0.493366 0.707114
0.518689 0.709332
0.671079 0.707657
0.69838 0.706067
0.755961 0.703238
0.828835 0.705923
0.955341 0.703268
0.0862798 0.716816
0.153327 0.715025
0.185849 0.714475
0.214999 0.716237
0.337025 0.710535
0.445466 0.71817
0.54352 0.71898
0.724758 0.713019
0.78216 0.713248
0.896485 0.713579
0.981755 0.716206
0.0211225 0.723726
0.111216 0.722517
0.293472 0.724981
0.378241 0.724785
0.473851 0.723156
0.574094 0.723566
0.61578 0.725943
0.642893 0.721049
0.808908 0.721414
0.849192 0.72276
0.936058 0.719549
0.045396 0.735557
0.140112 0.736749
0.233489 0.736218
0.258915 0.731475
0.345745 0.73495
0.414601 0.732878
0.691532 0.733547
0.959199 0.729671
0.0707459 0.737475
0.180825 0.741095
0.206832 0.741223
0.316206 0.737451
0.491232 0.74421
0.596029 0.744785
0.780439 0.741618
0.869379 0.738259
0.116564 0.74974
0.271715 0.75421
0.366251 0.7497
0.396204 0.74989
0.43403 0.748734
0.459259 0.747398
0.518559 0.75103
0.567718 0.748957
0.622197 0.750553
0.648565 0.746497
0.72342 0.75237
0.755448 0.746465
0.814587 0.747482
0.841609 0.751538
0.908929 0.747318
0.940662 0.748487
0.000156876 0.759239
0.0422488 0.761962
0.0821376 0.762915
0.162106 0.762857
0.541997 0.761012
0.881678 0.762436
0.978859 0.757525
0.231504 0.763278
0.313157 0.766953
0.348595 0.770737
0.475921 0.767575
0.688829 0.766611
0.956662 0.770058
0.060542 0.779499
0.254138 0.7739
0.284043 0.777272
0.409248 0.772477
0.436364 0.774762
0.568991 0.774733
0.615312 0.775627
0.654939 0.779702
0.733262 0.77723
0.760702 0.779856
0.854114 0.780644
0.930425 0.772502
0.00163375 0.785094
0.0278243 0.786243
0.0953976 0.785621
0.128668 0.787455
0.167316 0.788234
0.196699 0.781471
0.513562 0.781789
0.707843 0.783059
0.794161 0.784362
0.829179 0.783946
0.311598 0.795497
0.387537 0.792026
0.46298 0.794485
0.490849 0.792621
0.589895 0.792916
0.632186 0.795251
0.680924 0.793171
0.910483 0.792015
0.95365 0.796183
0.98813 0.795508
0.0750246 0.801219
0.219729 0.804528
0.251474 0.8023
0.337781 0.798275
0.364784 0.804948
0.438438 0.801335
0.531261 0.799475
0.740516 0.803197
0.769706 0.804854
0.861839 0.805229
0.88803 0.80405
0.098893 0.810507
0.183986 0.807622
0.282287 0.80812
0.565617 0.809795
0.609318 0.808735
0.703448 0.807733
0.810463 0.808854
0.836454 0.814978
0.018586 0.820976
0.0465905 0.822386
0.130216 0.815957
0.155526 0.819092
0.203192 0.824538
0.405982 0.817299
0.51562 0.823997
0.643035 0.822197
0.724018 0.822459
0.906337 0.822043
0.935821 0.819045
0.076939 0.827984
0.233665 0.831954
0.323112 0.828184
0.361674 0.830387
0.386552 0.833035
0.429257 0.826663
0.479481 0.829605
0.67066 0.832973
0.87532 0.827325
0.00201898 0.840539
0.110833 0.835716
0.572266 0.834511
0.597434 0.837821
0.762345 0.839114
0.787793 0.837052
0.823592 0.836445
0.971657 0.834518
0.0291489 0.848073
0.167657 0.848595
0.195516 0.850206
0.258448 0.844648
0.298216 0.843098
0.404169 0.850781
0.452835 0.843046
0.538455 0.842387
0.63429 0.849669
0.693971 0.846526
0.726685 0.849332
0.927143 0.844504
0.0823579 0.852918
0.326339 0.857363
0.353067 0.859435
0.489786 0.852589
0.561904 0.857303
0.668649 0.858166
0.868543 0.851883
0.89446 0.855195
0.961933 0.859203
0.0564629 0.86529
0.105103 0.865687
0.133781 0.861056
0.240682 0.86655
0.277741 0.864478
0.381092 0.866177
0.428287 0.860989
0.466956 0.86573
0.526386 0.866089
0.587283 0.86093
0.782268 0.862564
0.812796 0.865651
0.938219 0.867991
0.214416 0.868528
0.304757 0.87073
0.646452 0.87265
0.707124 0.874278
0.840005 0.869707
0.982682 0.873276
0.00075246 0.879661
0.0782047 0.877922
0.154999 0.885611
0.192923 0.881537
0.552987 0.882793
0.601304 0.88169
0.754631 0.882478
0.026592 0.889461
0.108066 0.89211
0.232614 0.892315
0.276381 0.890397
0.361743 0.890536
0.393608 0.889868
0.438577 0.888375
0.487624 0.887936
0.52961 0.892802
0.631991 0.893747
0.684574 0.887085
0.726736 0.893699
0.781232 0.887844
0.823894 0.891184
0.871225 0.88913
0.903285 0.890284
0.959676 0.886711
0.131483 0.901104
0.300258 0.897969
0.337159 0.897097
0.575188 0.895026
0.92841 0.89571
0.00697509 0.910146
0.0496527 0.907573
0.255184 0.905432
0.418725 0.905031
0.549432 0.912178
0.653492 0.908165
0.704077 0.905153
0.797427 0.908393
0.851368 0.908925
0.975061 0.906541
0.0885406 0.914797
0.153505 0.913837
0.179604 0.917238
0.283062 0.916153
0.359055 0.916974
0.385937 0.914669
0.441314 0.9183
0.470433 0.914235
0.495559 0.917126
0.576885 0.920236
0.604484 0.913319
0.751663 0.918496
0.823417 0.919537
0.0258314 0.928027
0.11616 0.922279
0.207496 0.921858
0.232451 0.923968
0.307774 0.921958
0.334478 0.925182
0.406228 0.929816
0.523532 0.922728
0.627615 0.923945
0.684406 0.923577
0.885079 0.924299
0.910663 0.926256
0.0571274 0.937361
0.264303 0.932728
0.661757 0.935407
0.708713 0.93081
0.777968 0.934592
0.804487 0.937603
0.946044 0.93204
0.00309308 0.947146
0.0924456 0.939711
0.127323 0.946676
0.152456 0.943919
0.206201 0.947207
0.384819 0.94641
0.469832 0.945465
0.511252 0.946274
0.559364 0.941047
0.600962 0.93878
0.850646 0.941494
0.977985 0.943409
0.0353781 0.951754
0.180737 0.948547
0.281177 0.952047
0.342215 0.951283
0.43862 0.950405
0.64225 0.952615
0.680461 0.952047
0.740831 0.951413
0.826765 0.953019
0.929649 0.955714
0.0637565 0.961981
0.108075 0.963761
0.236751 0.957241
0.317051 0.957131
0.492654 0.963181
0.542221 0.961776
0.578568 0.957898
0.711602 0.960574
0.903688 0.956261
0.954714 0.961284
1.82375e-06 0.971962
0.143858 0.970245
0.40208 0.971638
0.459513 0.973582
0.516926 0.971869
0.625761 0.97206
0.66581 0.972557
0.774594 0.968862
0.801333 0.965328
0.868425 0.965522
0.0440526 0.97765
0.0851056 0.975997
0.194011 0.974888
0.230743 0.981869
0.353242 0.975934
0.433822 0.980702
0.560981 0.979279
0.589232 0.981305
0.694796 0.979421
0.738833 0.97724
0.820412 0.981728
0.982545 0.976868
0.0205263 0.98624
0.0651174 0.99112
0.11556 0.99067
0.162887 0.988003
0.257926 0.988149
0.297411 0.988732
0.331957 0.990545
0.380448 0.984982
0.496071 0.987959
0.536485 0.990503
0.646753 0.989971
0.717497 0.990323
0.761833 0.991185
0.795117 0.99051
0.849989 0.986425
0.875174 0.990371
0.905078 0.985743
0.940987 0.988725
