0.0459343 0.0011931
0.0701647 0.00763739
0.0952134 0.0032106
0.121636 0.00652079
0.148431 0.0046093
0.205728 0.00615858
0.249082 0.00316931
0.28258 0.0043175
0.324906 0.00124965
0.351343 0.00212124
0.389473 0.00758305
0.414313 0.00281279
0.440718 0.00621239
0.493151 0.000990986
0.553887 0.0012866
0.583244 0.00312969
0.614743 0.00348735
0.677024 0.000373923
0.722933 0.00668697
0.771132 0.00596443
0.795916 0.000918098
0.820872 0.00377493
0.846777 0.00469604
0.874323 0.00420245
0.930299 0.00681038
0.980906 0.00588392
0.174978 0.0139994
0.525702 0.0116773
0.645144 0.0104416
0.90446 0.0112974
0.00466933 0.0175799
0.0317014 0.0232079
0.305805 0.017566
0.462988 0.0210794
0.699877 0.0199454
0.75383 0.0248107
0.956319 0.0200645
0.105087 0.0296369
0.150058 0.0295986
0.329384 0.0269775
0.374211 0.0301739
0.400721 0.0320074
0.42762 0.0298155
0.549307 0.02751
0.60784 0.0305214
0.656445 0.0333963
0.727481 0.0345924
0.780069 0.0308172
0.808943 0.0269633
0.854541 0.0317121
0.882685 0.0340586
0.988951 0.0341266
0.00185895 0.042468
0.194633 0.0360792
0.231397 0.0401915
0.275177 0.0363188
0.491988 0.0361108
0.630564 0.0425781
0.026788 0.0478099
0.0641737 0.0453084
0.0904236 0.0507402
0.170934 0.0447462
0.315405 0.0483272
0.462559 0.0491315
0.560468 0.0504355
0.587154 0.0459046
0.68749 0.0448737
0.814527 0.0524642
0.915124 0.043972
0.941387 0.0453676
0.969916 0.0505464
0.129516 0.059685
0.344581 0.0585152
0.435455 0.0536523
0.520539 0.0575338
0.609875 0.0582932
0.759682 0.0531019
0.838237 0.0610107
0.0017093 0.0679845
0.044497 0.0669399
0.169476 0.0700222
0.200408 0.0621391
0.257093 0.0659558
0.294228 0.0633034
0.370776 0.0658356
0.400087 0.0617806
0.576532 0.0698001
0.792161 0.0680784
0.879325 0.0694793
0.990218 0.0654842
0.103773 0.0732733
0.325129 0.0751266
0.42169 0.0787947
0.490554 0.0763412
0.651937 0.0706243
0.719237 0.0714315
0.745288 0.0741243
0.915308 0.0713249
0.95677 0.0728918
0.143262 0.0849857
0.193617 0.0869241
0.225376 0.082825
0.350768 0.085965
0.455715 0.084877
0.557911 0.0867073
0.614639 0.0834777
0.674172 0.0835502
0.817921 0.0836281
0.844119 0.0867633
0.0425711 0.0955898
0.0696354 0.0897479
0.11971 0.0959014
0.169139 0.0963712
0.279679 0.0945326
0.379105 0.0910462
0.506382 0.0958741
0.531438 0.0927002
0.584324 0.0953689
0.698697 0.0891167
0.72642 0.0954886
0.76838 0.0897843
0.794099 0.0962987
0.934711 0.089012
0.989376 0.0932185
0.00613556 0.0997425
0.305798 0.101139
0.402836 0.100136
0.644479 0.0971958
0.887871 0.100644
0.094123 0.10708
0.203406 0.110087
0.25638 0.108777
0.361185 0.108706
0.967839 0.108583
0.12325 0.121543
0.158022 0.119988
0.228792 0.11449
0.328051 0.118064
0.431601 0.117669
0.468653 0.116557
0.494725 0.118416
0.540808 0.117748
0.626078 0.116981
0.692355 0.114395
0.757989 0.120634
0.787588 0.121748
0.828158 0.11457
0.86678 0.119384
0.90446 0.119948
0.0232002 0.126094
0.0726458 0.123899
0.184196 0.129171
0.278104 0.123022
0.570172 0.130393
0.942247 0.128324
0.987944 0.124872
0.0451341 0.138244
0.304222 0.137375
0.35102 0.138176
0.399694 0.13253
0.523089 0.13692
0.606091 0.136662
0.639514 0.138144
0.669595 0.132281
0.729223 0.134977
0.000347215 0.14364
0.105943 0.141195
0.219397 0.1425
0.375908 0.141488
0.433213 0.142627
0.477955 0.146671
0.702131 0.14377
0.750904 0.147634
0.775886 0.145456
0.806783 0.148504
0.901451 0.147631
0.0240009 0.152481
0.0771855 0.150458
0.14809 0.15675
0.172869 0.151905
0.246785 0.153895
0.329667 0.151861
0.502332 0.152538
0.55522 0.154194
0.584146 0.153253
0.679275 0.157046
0.834973 0.149688
0.878314 0.157712
0.928296 0.150181
0.95326 0.153112
0.979356 0.15069
0.044871 0.166353
0.0986597 0.16631
0.123638 0.162508
0.19726 0.158127
0.272232 0.159042
0.297901 0.162927
0.355141 0.163578
0.381664 0.165866
0.413139 0.158325
0.62289 0.161793
0.653957 0.15968
0.00699891 0.17235
0.441089 0.167352
0.466251 0.173237
0.52194 0.175354
0.601592 0.174914
0.716415 0.174495
0.749504 0.172653
0.833557 0.175149
0.859123 0.173981
0.915997 0.171958
0.164748 0.182918
0.212883 0.181856
0.264028 0.183626
0.337183 0.181636
0.421249 0.18269
0.490131 0.181402
0.553994 0.181692
0.689341 0.180453
0.774454 0.182875
0.802998 0.176871
0.941406 0.175563
0.983744 0.182879
0.0658286 0.19138
0.0928755 0.19092
0.11789 0.187305
0.239117 0.186559
0.309715 0.185612
0.379329 0.192049
0.5788 0.187909
0.642877 0.191042
0.884806 0.190887
0.00684545 0.201075
0.0332764 0.196414
0.139838 0.199346
0.286733 0.195909
0.449748 0.195047
0.507846 0.201121
0.616298 0.201505
0.7168 0.199984
0.793016 0.201248
0.853555 0.198588
0.960829 0.193856
0.184942 0.20244
0.339489 0.20741
0.410427 0.208386
0.53711 0.20189
0.666734 0.201872
0.757598 0.207632
0.826705 0.202653
0.12319 0.219203
0.164849 0.217411
0.232853 0.214931
0.258375 0.211587
0.309002 0.211704
0.362668 0.216931
0.473103 0.213792
0.58661 0.212284
0.643048 0.217479
0.889808 0.218961
0.925791 0.211256
0.953035 0.218451
0.978179 0.215827
0.0417428 0.220573
0.281077 0.223513
0.446413 0.225531
0.682254 0.222352
0.845064 0.222432
0.0176014 0.233628
0.0650997 0.231611
0.0913624 0.234692
0.198459 0.229993
0.325765 0.232021
0.397178 0.230339
0.507561 0.233125
0.566943 0.228592
0.598414 0.23512
0.62383 0.233714
0.717728 0.231152
0.760056 0.236285
0.91636 0.236443
0.139518 0.238422
0.238745 0.242773
0.265221 0.243751
0.364138 0.243749
0.420778 0.239264
0.48012 0.238995
0.54536 0.24266
0.800242 0.238451
0.831847 0.244806
0.85853 0.245506
0.960491 0.242866
0.986426 0.240829
1.92079e-05 0.251466
0.0375722 0.248851
0.172393 0.25076
0.303147 0.247632
0.456677 0.248447
0.664693 0.250471
0.692929 0.247273
0.0742724 0.255193
0.128654 0.26278
0.203726 0.255912
0.336753 0.25481
0.389275 0.256537
0.520677 0.257482
0.601172 0.259998
0.734869 0.25513
0.787688 0.26119
0.892943 0.258325
0.935815 0.255057
0.014871 0.271587
0.102156 0.266283
0.284229 0.269846
0.315946 0.270669
0.413409 0.263774
0.446745 0.271451
0.564497 0.270751
0.639266 0.269532
0.708385 0.268061
0.760816 0.263714
0.969119 0.266644
0.0746629 0.280273
0.152124 0.271974
0.189557 0.277501
0.228226 0.273239
0.254252 0.273392
0.366058 0.273426
0.470671 0.279335
0.505864 0.277983
0.665127 0.279581
0.833885 0.272968
0.863807 0.273148
0.0495671 0.286035
0.124725 0.288062
0.394746 0.285403
0.540571 0.281995
0.756045 0.289018
0.901436 0.282488
0.926842 0.286228
0.989877 0.282828
0.156269 0.297878
0.211643 0.292869
0.245522 0.297357
0.271148 0.291924
0.345816 0.289737
0.420223 0.289738
0.609033 0.297534
0.696916 0.292793
0.731045 0.290404
0.812247 0.296077
0.854013 0.296899
0.879629 0.294964
0.965132 0.293542
0.00131899 0.300602
0.0665621 0.304543
0.0947993 0.301477
0.295127 0.29937
0.321493 0.302901
0.510074 0.305059
0.574723 0.298402
0.632526 0.306303
0.657472 0.303638
0.778729 0.300228
0.0255496 0.307959
0.22604 0.313484
0.368032 0.307402
0.40178 0.312014
0.452933 0.31362
0.477837 0.311328
0.535001 0.309516
0.681066 0.313601
0.915805 0.314716
0.13049 0.316344
0.180849 0.318135
0.260908 0.317744
0.562926 0.32215
0.588164 0.321141
0.73616 0.316681
0.79177 0.322758
0.818491 0.323118
0.86865 0.321349
0.943413 0.316047
0.99029 0.316278
0.00252045 0.331365
0.0724498 0.3298
0.100865 0.326955
0.153556 0.330721
0.204341 0.327495
0.305357 0.326464
0.334146 0.324873
0.360305 0.332135
0.419252 0.333282
0.49515 0.330333
0.521046 0.332862
0.617885 0.327373
0.649712 0.328782
0.705109 0.327636
0.966722 0.326408
0.0435051 0.33988
0.122931 0.341271
0.2435 0.335987
0.278931 0.341998
0.389251 0.340407
0.730626 0.341184
0.767448 0.333403
0.838609 0.341592
0.1751 0.345629
0.219302 0.348205
0.321301 0.346548
0.462872 0.346501
0.549578 0.344027
0.580874 0.349293
0.630574 0.350674
0.68019 0.342504
0.805841 0.348256
0.892667 0.348231
0.948223 0.345869
0.977445 0.350491
0.088177 0.357681
0.253852 0.359111
0.347665 0.354638
0.49963 0.356538
0.707655 0.353381
0.919584 0.352736
0.144901 0.361895
0.195879 0.362155
0.402181 0.36664
0.437029 0.365777
0.561701 0.367573
0.606773 0.364747
0.661024 0.360828
0.837291 0.367387
0.873652 0.368269
0.0166411 0.371318
0.0645062 0.371806
0.289827 0.369336
0.325021 0.371372
0.37594 0.370229
0.520885 0.37108
0.693619 0.37642
0.751219 0.376905
0.779941 0.370736
0.80928 0.375107
0.903285 0.375468
0.948436 0.375285
0.989121 0.375526
0.0406865 0.38013
0.104226 0.37915
0.174722 0.385005
0.215469 0.377917
0.241044 0.382018
0.48267 0.383486
0.589462 0.38318
0.648752 0.383031
0.726202 0.38191
0.0805653 0.392662
0.2789 0.39183
0.354534 0.387231
0.382442 0.39464
0.409683 0.394022
0.452559 0.386881
0.928474 0.391125
0.0162047 0.40198
0.110615 0.403492
0.135779 0.39572
0.309991 0.395245
0.333841 0.403189
0.509549 0.39901
0.570186 0.399134
0.626996 0.396733
0.709582 0.401651
0.789242 0.394951
0.82204 0.399292
0.854083 0.397066
0.965648 0.397065
0.0456591 0.404704
0.217485 0.405058
0.254406 0.403879
0.462399 0.41132
0.541438 0.405695
0.603116 0.405773
0.662603 0.404233
0.909222 0.407695
0.990717 0.406044
0.128547 0.421035
0.177076 0.419016
0.287772 0.415211
0.363143 0.412543
0.411081 0.419918
0.436937 0.414489
0.739714 0.41357
0.766839 0.419986
0.838881 0.418921
0.879815 0.415781
0.00600063 0.429525
0.0929759 0.42122
0.386491 0.426411
0.488162 0.42136
0.527009 0.428514
0.564714 0.425067
0.637958 0.421098
0.661621 0.429342
0.698668 0.429151
0.958234 0.421114
0.0347798 0.434037
0.0600456 0.430009
0.210027 0.43508
0.256256 0.432629
0.308448 0.430714
0.333283 0.434467
0.359316 0.43771
0.451665 0.435117
0.59532 0.434275
0.801659 0.431328
0.863926 0.437325
0.934937 0.433185
0.980277 0.43318
0.0822578 0.445897
0.113141 0.446944
0.151625 0.440283
0.280645 0.442105
0.428153 0.444231
0.475505 0.443814
0.622125 0.443463
0.742229 0.447292
0.777102 0.443555
0.90878 0.445644
0.95661 0.446967
0.233437 0.451241
0.498749 0.454195
0.541635 0.454815
0.674595 0.450876
0.816534 0.451613
0.84338 0.454653
0.883625 0.454924
0.037901 0.462173
0.065237 0.464371
0.142863 0.464723
0.171378 0.456384
0.197413 0.459284
0.299979 0.458424
0.325733 0.460802
0.372021 0.463025
0.404662 0.463487
0.575267 0.456552
0.700402 0.456662
0.931428 0.46105
0.0149947 0.473089
0.106876 0.472024
0.436587 0.472536
0.461854 0.473422
0.652775 0.465552
0.907799 0.470948
0.974235 0.468419
0.209621 0.481956
0.271206 0.475269
0.515826 0.480968
0.601386 0.478315
0.685074 0.47716
0.731304 0.475193
0.865561 0.473882
0.95029 0.478456
0.0847343 0.487518
0.154406 0.487194
0.182009 0.485967
0.322291 0.487743
0.356668 0.49116
0.393037 0.48898
0.5691 0.486597
0.624162 0.489865
0.708704 0.490821
0.761673 0.483388
0.786818 0.483072
0.831832 0.484944
0.0408532 0.498032
0.109981 0.497289
0.244089 0.491918
0.29145 0.499811
0.453173 0.49742
0.481473 0.491736
0.649313 0.49131
0.741551 0.498828
0.895502 0.494472
0.988186 0.493374
0.138268 0.508547
0.202023 0.506857
0.503266 0.504606
0.547861 0.500076
0.672794 0.500041
0.764939 0.508342
0.847983 0.504337
0.873331 0.506101
0.953426 0.506206
0.0179456 0.508866
0.0783428 0.516871
0.179022 0.517281
0.22649 0.512472
0.261073 0.514167
0.371504 0.514732
0.429543 0.510126
0.593345 0.511122
0.795732 0.513163
0.925827 0.511154
0.976631 0.515763
0.111294 0.523207
0.314107 0.522906
0.340646 0.526293
0.407666 0.523071
0.451726 0.524695
0.539698 0.524338
0.567976 0.521626
0.655308 0.519292
0.684195 0.522389
0.826932 0.518154
0.00799157 0.532859
0.0363164 0.532813
0.48876 0.527824
0.514312 0.527088
0.713087 0.531535
0.747922 0.532897
0.776811 0.530445
0.0610723 0.536899
0.156635 0.538173
0.187948 0.540801
0.212327 0.535149
0.26301 0.539107
0.28807 0.538685
0.370029 0.541767
0.468539 0.543217
0.597769 0.536508
0.628643 0.536755
0.850356 0.536449
0.902437 0.537786
0.947744 0.541387
0.97614 0.542202
0.0997326 0.546325
0.125789 0.546218
0.442473 0.55156
0.543071 0.550275
0.572735 0.552614
0.686719 0.549213
0.729097 0.550884
0.800318 0.548744
0.825784 0.547287
0.879644 0.54887
0.0220244 0.554782
0.218993 0.559749
0.244404 0.555838
0.317387 0.55855
0.395175 0.557226
0.654171 0.554251
0.916538 0.560862
0.0521156 0.563011
0.0812271 0.563401
0.178038 0.564554
0.352098 0.563227
0.420422 0.567117
0.500885 0.566735
0.599098 0.562386
0.708339 0.569376
0.75021 0.568305
0.777456 0.564211
0.845963 0.567435
0.989261 0.565138
0.123082 0.576749
0.15275 0.57025
0.200363 0.576442
0.286955 0.570734
0.459589 0.573578
0.525778 0.573249
0.551149 0.574354
0.579289 0.578027
0.642742 0.576906
0.669495 0.574013
0.96331 0.570961
0.0137445 0.585043
0.0447722 0.587637
0.231539 0.583061
0.256925 0.581794
0.323496 0.583635
0.616388 0.581426
0.806706 0.57946
0.866074 0.582647
0.894351 0.579524
0.930973 0.583302
0.100534 0.591936
0.150004 0.596057
0.299944 0.593189
0.349029 0.595278
0.375046 0.592989
0.419036 0.592781
0.737125 0.592061
0.761981 0.596301
0.98689 0.592897
0.0664767 0.604053
0.125895 0.603564
0.193197 0.600441
0.482597 0.605201
0.519136 0.602122
0.701899 0.602863
0.793881 0.601196
0.843961 0.599363
0.954796 0.598149
0.00369729 0.611976
0.222711 0.608371
0.250814 0.611705
0.276849 0.606053
0.321426 0.610226
0.395993 0.60709
0.453677 0.607781
0.564883 0.611451
0.589252 0.605287
0.614698 0.611945
0.644079 0.605438
0.818988 0.60887
0.90456 0.605849
0.502345 0.620712
0.536674 0.620169
0.677947 0.617122
0.72569 0.615419
0.773983 0.619275
0.868305 0.618139
0.972526 0.616226
0.0211878 0.630049
0.052665 0.631188
0.0787588 0.631521
0.121278 0.628295
0.149909 0.629737
0.182444 0.626526
0.362301 0.628393
0.432005 0.622991
0.582312 0.63075
0.70233 0.630946
0.842623 0.627152
0.935193 0.623558
0.282001 0.632799
0.323503 0.635211
0.476886 0.633308
0.557886 0.639081
0.608686 0.636304
0.644407 0.634309
0.735633 0.63975
0.90387 0.634324
0.00185273 0.646228
0.226757 0.642486
0.254714 0.64458
0.404431 0.642612
0.502242 0.645806
0.533672 0.647985
0.669931 0.64438
0.76109 0.641044
0.808633 0.641365
0.872346 0.644214
0.954861 0.645635
0.0824382 0.656623
0.204081 0.654566
0.459053 0.654895
0.631535 0.656802
0.705087 0.656209
0.782801 0.65355
0.846874 0.652602
0.918116 0.655015
0.978421 0.654227
0.0572998 0.65974
0.111331 0.664292
0.139136 0.663642
0.28276 0.66183
0.328181 0.659964
0.367863 0.659811
0.39456 0.665861
0.434013 0.658624
0.573102 0.659195
0.602615 0.661422
0.733789 0.664891
0.892319 0.665444
0.0227014 0.66833
0.17336 0.667062
0.243912 0.669643
0.305323 0.673817
0.510484 0.672344
0.548691 0.668306
0.672139 0.671295
0.763355 0.672417
0.800001 0.675065
0.866413 0.670287
0.943917 0.673781
0.207733 0.682733
0.417566 0.680781
0.48076 0.679073
0.64734 0.680625
0.824586 0.680904
0.91502 0.682763
0.969884 0.677783
9.47056e-05 0.691588
0.0509806 0.690857
0.104054 0.691613
0.327921 0.688332
0.35596 0.684759
0.443886 0.685727
0.540582 0.692083
0.570668 0.684304
0.611835 0.687322
0.693243 0.684954
0.88513 0.689637
0.025239 0.693614
0.076074 0.698286
0.2299 0.700848
0.468504 0.701698
0.728774 0.69496
0.755023 0.696925
0.780685 0.694971
0.860202 0.695884
0.955929 0.698963
0.990614 0.694625
0.125392 0.708894
0.15124 0.704917
0.181083 0.704088
0.206717 0.710326
0.275776 0.70245
0.303786 0.704531
0.381545 0.702802
0.406463 0.705859
0.51439 0.705445
0.561216 0.70747
0.587698 0.704829
0.806364 0.701902
0.928327 0.70475
0.0185678 0.717743
0.251623 0.716797
0.326556 0.716864
0.613761 0.714789
0.638903 0.718526
0.673203 0.71446
0.832984 0.716694
0.877364 0.715407
0.97953 0.718388
0.0464513 0.724681
0.427244 0.7217
0.478058 0.725647
0.715159 0.72658
0.744546 0.722936
0.775247 0.720198
0.802585 0.727286
0.90807 0.725044
0.0860635 0.73281
0.136867 0.732827
0.161949 0.734121
0.225088 0.728338
0.34782 0.730174
0.374638 0.732483
0.402522 0.731101
0.863424 0.736685
0.933166 0.72937
0.0105318 0.741684
0.112408 0.738409
0.201716 0.741414
0.257851 0.743722
0.296582 0.738751
0.447668 0.739883
0.524575 0.73705
0.59761 0.737082
0.648247 0.743663
0.768246 0.745002
0.888459 0.741607
0.972533 0.743081
0.224124 0.753556
0.324111 0.748026
0.392573 0.754346
0.422138 0.747272
0.559192 0.748966
0.6995 0.748855
0.733862 0.749461
0.922819 0.753785
0.0783747 0.756637
0.176823 0.756188
0.365396 0.757132
0.490562 0.754974
0.615983 0.755706
0.667309 0.761066
0.822657 0.755222
0.853959 0.760557
0.947331 0.759814
0.0204259 0.770395
0.0527988 0.76367
0.105019 0.764889
0.144605 0.763369
0.308525 0.767666
0.436808 0.768358
0.523463 0.768705
0.585151 0.765578
0.638445 0.7674
0.795472 0.768727
0.884119 0.766617
0.978974 0.769047
0.124791 0.780216
0.205989 0.77614
0.252375 0.773498
0.282813 0.775389
0.344585 0.772054
0.411376 0.77272
0.462907 0.772059
0.607765 0.779747
0.707605 0.77542
0.733507 0.778901
0.760094 0.774675
0.832916 0.779443
0.911875 0.780554
0.000341531 0.787499
0.0402051 0.78574
0.179992 0.781104
0.323827 0.788406
0.382603 0.783902
0.489612 0.781576
0.545987 0.781292
0.076713 0.796426
0.101706 0.792613
0.145718 0.796912
0.228504 0.790111
0.435585 0.794617
0.46818 0.797133
0.635486 0.79326
0.667972 0.790363
0.801242 0.796272
0.887895 0.791484
0.936512 0.79216
0.963502 0.790251
0.988122 0.797045
0.0239198 0.805025
0.182655 0.806613
0.207664 0.804936
0.251709 0.800955
0.277531 0.803796
0.359369 0.804718
0.4057 0.800602
0.52543 0.80638
0.561921 0.803244
0.598049 0.803972
0.749865 0.798418
0.825587 0.803502
0.856601 0.800484
1.43938e-05 0.812731
0.122263 0.807344
0.318082 0.813918
0.489541 0.812897
0.652562 0.811629
0.773519 0.807464
0.902197 0.81323
0.047827 0.823325
0.238055 0.822568
0.444056 0.81843
0.621759 0.817388
0.68565 0.816691
0.710956 0.815855
0.736686 0.819738
0.806291 0.820803
0.84079 0.82348
0.948419 0.816475
0.979515 0.822379
0.0836233 0.826846
0.202771 0.829853
0.269944 0.828007
0.342464 0.828659
0.392678 0.832349
0.53517 0.832782
0.560256 0.83019
0.60095 0.832914
0.873527 0.829956
0.0165252 0.835241
0.124941 0.834373
0.157094 0.836857
0.294828 0.834649
0.31943 0.840997
0.428165 0.839995
0.470225 0.837016
0.497817 0.838468
0.66175 0.83489
0.704287 0.840291
0.776467 0.83798
0.906399 0.841261
0.059057 0.849718
0.0972948 0.848099
0.250359 0.847303
0.363492 0.847658
0.636141 0.842122
0.824859 0.843784
0.853622 0.848465
0.944509 0.849444
0.969472 0.845636
0.275656 0.854848
0.408312 0.855405
0.565618 0.856109
0.682321 0.854786
0.72528 0.854935
0.0234146 0.862038
0.124507 0.85971
0.150615 0.861162
0.177367 0.862143
0.228679 0.862307
0.306583 0.866759
0.334685 0.862313
0.449906 0.862691
0.490737 0.863072
0.623366 0.866401
0.762682 0.861062
0.807917 0.862222
0.873752 0.867623
0.921886 0.860951
0.98693 0.864125
0.0460433 0.874754
0.0756893 0.870805
0.102544 0.873192
0.204048 0.875084
0.372211 0.874223
0.514673 0.871711
0.545168 0.872312
0.587983 0.868735
0.647835 0.875026
0.70317 0.868912
0.742957 0.877083
0.784636 0.874996
0.840198 0.8721
0.955333 0.873822
0.129372 0.885277
0.164492 0.884631
0.265836 0.883988
0.399234 0.880118
0.471884 0.880047
0.910872 0.883493
0.00476912 0.887892
0.0293828 0.893434
0.292297 0.887837
0.345147 0.88705
0.426845 0.888492
0.572858 0.891919
0.612233 0.888853
0.714226 0.892248
0.767071 0.893
0.805886 0.891161
0.0743291 0.900076
0.184538 0.901882
0.231244 0.895943
0.316591 0.894899
0.490507 0.898001
0.519654 0.903503
0.676148 0.902468
0.834609 0.898023
0.860725 0.895257
0.941426 0.894946
0.971561 0.896778
0.0504008 0.907423
0.100642 0.905
0.211215 0.91148
0.258679 0.908443
0.353772 0.912022
0.398421 0.908037
0.44502 0.907163
0.638726 0.904196
0.885392 0.910187
0.0120355 0.920351
0.162084 0.917161
0.287413 0.913553
0.329667 0.919414
0.472391 0.919373
0.549704 0.914091
0.597342 0.916492
0.755193 0.91525
0.787864 0.913351
0.818761 0.919265
0.911363 0.913779
0.938728 0.919859
0.0724241 0.925746
0.13353 0.927241
0.242265 0.92803
0.376679 0.922758
0.424137 0.921372
0.573201 0.923834
0.622104 0.924119
0.701792 0.928943
0.862972 0.922932
0.964668 0.92282
0.9901 0.924894
0.0470571 0.932377
0.0969599 0.935667
0.177571 0.938019
0.202799 0.935094
0.306615 0.930426
0.448126 0.932238
0.513646 0.934482
0.675133 0.929863
0.731163 0.934764
0.774036 0.936025
0.903401 0.938366
0.0136283 0.946323
0.284024 0.94724
0.348448 0.941878
0.393673 0.94726
0.84314 0.940742
0.878712 0.944045
0.0372202 0.956093
0.118929 0.948004
0.149155 0.947643
0.222665 0.954394
0.311886 0.954998
0.426028 0.951946
0.470828 0.951451
0.560481 0.947531
0.658721 0.949351
0.757 0.954727
0.810989 0.955038
0.930131 0.952022
0.964867 0.9486
0.0623332 0.961127
0.089232 0.959997
0.171171 0.962226
0.373131 0.96183
0.507431 0.960135
0.533388 0.958658
0.59265 0.960236
0.630673 0.961059
0.683426 0.962606
0.85641 0.962148
0.897211 0.963254
0.133766 0.969711
0.196988 0.972735
0.247121 0.967853
0.346599 0.966999
0.408567 0.970556
0.567949 0.972788
0.714588 0.965799
0.989822 0.965286
0.10942 0.975724
0.272393 0.975764
0.488016 0.978765
0.740408 0.975775
0.778721 0.98124
0.83055 0.975506
0.936427 0.981549
0.960516 0.973703
0.00729125 0.987294
0.041587 0.985472
0.0770212 0.98816
0.151921 0.987287
0.178261 0.989425
0.230237 0.990732
0.295968 0.985791
0.327936 0.984412
0.353572 0.991045
0.378833 0.987801
0.437744 0.984493
0.463539 0.986449
0.518385 0.984578
0.548066 0.988289
0.587448 0.989382
0.612558 0.987649
0.649812 0.988908
0.678319 0.989838
0.718142 0.991221
0.80588 0.989347
0.859816 0.987902
0.902049 0.987786
0.990045 0.991133
