0.650716 0.368006
0.078427 0.319776
0.027833 0.554068
0.317431 0.586137
0.220022 0.895901
0.139076 0.954704
0.742564 0.427046
0.151865 0.198083
0.130715 0.029363
0.251634 0.266301
0.479015 0.308517
0.416264 0.354493
0.156662 0.971783
0.364441 0.520852
0.780187 0.466253
0.195831 0.430903
0.83426 0.274258
0.750679 0.862092
0.828327 0.06811
0.448229 0.048349
0.964012 0.587305
0.00305301 0.706575
0.01435 0.154917
0.904658 0.145065
0.18428 0.156293
0.411366 0.663295
0.46481 0.82763
0.017788 0.621472
0.799414 0.382229
0.142323 0.579601
0.848482 0.338155
0.010504 0.682742
0.612413 0.761183
0.544834 0.44074
0.829294 0.993064
0.489089 0.793305
0.580368 0.492141
0.499881 0.594719
0.647059 0.404539
0.739784 0.831339
0.560831 0.151149
0.494634 0.025641
0.97878 0.512422
0.647113 0.778193
0.894651 0.789437
0.357794 0.743133
0.127591 0.368298
0.425875 0.740005
0.129481 0.97071
0.180745 0.958775
0.963773 0.669833
0.75208 0.544142
0.161975 0.251961
0.13886 0.809034
0.6565 0.878644
0.640373 0.217331
0.029793 0.135007
0.242973 0.008573
0.647429 0.890086
0.786766 0.54208
0.679523 0.14456
0.285213 0.807114
0.512858 0.711088
0.547119 0.642339
0.681798 0.727863
0.601114 0.645571
0.397697 0.353195
0.189713 0.559672
0.605156 0.328573
0.368705 0.261656
0.207217 0.009078
0.478987 0.23701
0.144084 0.72196
0.245583 0.791513
0.612046 0.03235
0.333593 0.291569
0.17691 0.618806
0.098683 0.689768
0.329894 0.645801
0.332107 0.011693
0.373665 0.933221
0.657264 0.771361
0.286416 0.846977
0.331033 0.891572
0.17555 0.699738
0.153227 0.382767
0.708816 0.632214
0.619777 0.8529
0.354174 0.865361
0.644413 0.96622
0.89771 0.978006
0.257789 0.07462
0.596812 0.356471
0.764388 0.926707
0.00227299 0.096495
0.938399 0.375937
0.029717 0.595663
0.147299 0.316133
0.44264 0.478332
0.207704 0.61819
0.17807 0.360932
0.000957012 0.886886
0.993146 0.620734
0.739786 0.34732
0.486095 0.384199
0.31354 0.383805
0.362205 0.571328
0.458425 0.959017
0.9278 0.222814
0.885723 0.930072
0.319309 0.824122
0.30601 0.349026
0.419785 0.453309
0.665159 0.862425
0.93164 0.872863
0.480615 0.10971
0.233795 0.481572
0.996596 0.226941
0.102306 0.736382
0.57426 0.588401
0.12058 0.8878
0.972206 0.482785
0.459128 0.430632
0.441801 0.386928
0.653445 0.327525
0.317 0.972754
0.151647 0.62301
0.32178 0.571433
0.076319 0.986939
0.433858 0.00795901
0.859802 0.914473
0.117669 0.093596
0.396045 0.114265
0.320537 0.498351
0.850647 0.894797
0.086752 0.971227
0.782597 0.058958
0.454012 0.241726
0.489589 0.895813
0.628654 0.143034
0.223338 0.945654
0.115789 0.374985
0.568664 0.437569
0.946418 0.644983
0.424507 0.380276
0.652942 0.284309
0.294749 0.770611
0.377905 0.690794
0.884877 0.698442
0.189145 0.735523
0.59324 0.275897
0.70675 0.375837
0.334854 0.160762
0.617563 0.824444
0.056576 0.246217
0.967478 0.279914
0.191871 0.083267
0.654899 0.760536
0.520836 0.601317
0.405519 0.945343
0.981593 0.058461
0.229652 0.276343
0.829072 0.607557
0.967137 0.713949
0.306 0.156282
0.449472 0.899239
0.432179 0.156223
0.275076 0.767033
0.316985 0.892639
0.591477 0.373561
0.138856 0.558955
0.653475 0.330728
0.642222 0.308374
0.091263 0.163057
0.909692 0.496782
0.1084 0.891285
0.555243 0.338052
0.167628 0.384316
0.94561 0.134765
0.098265 0.251609
0.291046 0.547737
0.150848 0.723225
0.70396 0.425925
0.490258 0.020945
0.318564 0.081735
0.394506 0.45742
0.640689 0.047982
0.788148 0.282911
0.356356 0.879411
0.445968 0.266048
0.376193 0.554369
0.157333 0.931437
0.892421 0.324961
0.315753 0.83803
0.459726 0.414018
0.08964 0.750772
0.961755 0.240488
0.473997 0.665715
0.666412 0.964255
0.686661 0.984976
0.045989 0.081167
0.442396 0.686678
0.129149 0.230544
0.969589 0.485505
0.109955 0.415558
0.751553 0.486148
0.969926 0.908886
0.417585 0.862347
0.233847 0.733338
0.700378 0.693572
0.147356 0.790017
0.444344 0.109111
0.030505 0.918341
0.774826 0.696918
0.882596 0.461486
0.681894 0.928585
0.542654 0.12429
0.615263 0.671802
0.354834 0.584853
0.157307 0.464789
0.000411004 0.90886
0.950937 0.970337
0.817745 0.368523
0.832684 0.051592
0.101861 0.533062
0.745165 0.249216
0.323079 0.189509
0.358327 0.353584
0.10785 0.133153
0.050502 0.990446
0.594639 0.732396
0.919031 0.137293
0.856686 0.534294
0.809095 0.21152
0.119147 0.966402
0.676309 0.119558
0.875261 0.627247
0.089895 0.693007
0.995769 0.922579
0.744599 0.09763
0.455641 0.489764
0.346846 0.77872
0.679273 0.705173
0.132305 0.787123
0.838325 0.182807
0.77757 0.432964
0.915202 0.6966
0.570257 0.771888
0.230895 0.379351
0.983408 0.350042
0.345753 0.659718
0.4696 0.221014
0.286964 0.559494
0.914021 0.282733
0.482074 0.65862
0.380363 0.937715
0.148384 0.727209
0.716435 0.827658
0.432382 0.848739
0.614781 0.270707
0.031546 0.392351
0.703671 0.946748
0.088951 0.273928
0.718636 0.319846
0.65328 0.702045
0.669888 0.999033
0.361762 0.139488
0.220047 0.648727
0.698982 0.134069
0.93146 0.181056
0.792689 0.311823
0.11877 0.941074
0.039032 0.835205
0.768731 0.471414
0.683944 0.383512
0.742122 0.71549
0.775863 0.445793
0.662239 0.864814
0.719721 0.380875
0.18466 0.373001
0.08292 0.854548
0.372034 0.444682
0.994035 0.592081
0.093409 0.693017
0.72615 0.024869
0.874073 0.518839
0.336692 0.992843
0.459913 0.375724
0.828048 0.228644
0.847139 0.511992
0.612156 0.58926
0.227483 0.388019
0.035053 0.889721
0.252833 0.754775
0.270596 0.437493
0.127776 0.353516
0.292041 0.49981
0.798198 0.286077
0.091891 0.891607
0.979094 0.818041
0.916476 0.853167
0.33688 0.253167
0.84601 0.796793
0.628892 0.674058
0.025437 0.47603
0.18605 0.637593
0.065291 0.413533
0.025613 0.100344
0.303254 0.278446
0.855119 0.57385
0.715939 0.982895
0.927367 0.00797999
0.482704 0.725565
0.294057 0.574596
0.617172 0.273151
0.392637 0.533647
0.126318 0.729517
0.786815 0.972328
0.52631 0.415707
0.646386 0.551747
0.891737 0.832436
0.189341 0.957028
0.245969 0.214953
0.057372 0.549224
0.493399 0.91249
0.123074 0.209338
0.895385 0.050441
0.217318 0.378089
0.776006 0.511375
0.952685 0.393178
0.784525 0.345322
0.926825 0.910843
0.074839 0.71364
0.883171 0.601149
0.129347 0.529557
0.152896 0.021083
0.361993 0.342237
0.978111 0.607963
0.55719 0.035483
0.157186 0.050589
0.947973 0.28026
0.259927 0.843358
0.330701 0.477245
0.221448 0.106706
0.98862 0.174133
0.499884 0.773145
0.519454 0.426709
0.683988 0.594293
0.140349 0.56716
0.195442 0.269696
0.096717 0.348338
0.290779 0.45871
0.690575 0.26889
0.066673 0.247766
0.304373 0.223859
0.298355 0.252346
0.504119 0.558282
0.095704 0.83482
0.035527 0.317152
0.941527 0.024147
0.491285 0.441411
0.797292 0.010739
0.86812 0.48128
0.605032 0.00846899
0.04844 0.800474
0.278164 0.145157
0.148813 0.568943
0.603867 0.839388
0.837833 0.67054
0.087154 0.142206
0.894398 0.385509
0.394553 0.398518
0.94379 0.490257
0.233338 0.979317
0.807409 0.174864
0.00346401 0.298694
0.616275 0.800756
0.309433 0.484395
0.282036 0.914465
0.492863 0.330476
0.71494 0.771027
0.475632 0.863753
0.339971 0.079499
0.703141 0.177804
0.750039 0.790295
0.320011 0.644437
0.175803 0.714563
0.042955 0.119594
0.20482 0.276292
0.098911 0.012229
0.451157 0.102375
0.310923 0.067431
0.90313 0.620357
0.551826 0.185166
0.534822 0.044689
0.515642 0.249762
0.815716 0.991274
0.113514 0.155687
0.070773 0.816655
0.333491 0.820812
0.60695 0.653502
0.465249 0.782753
0.368065 0.508204
0.902347 0.572885
0.784496 0.00125799
0.585115 0.235653
0.103633 0.896038
0.303084 0.00676301
0.516395 0.85491
0.191929 0.051217
0.899599 0.707571
0.300979 0.715316
0.698845 0.414493
0.871003 0.769619
0.231148 0.204495
0.59043 0.838098
0.857997 0.05568
0.620851 0.226062
0.563883 0.523198
0.798947 0.348379
0.524456 0.384062
0.584032 0.628089
0.2801 0.887117
0.634851 0.796494
0.742027 0.826781
0.847711 0.641626
0.534352 0.14869
0.356942 0.233197
0.563183 0.227945
0.00281599 0.794331
0.43244 0.593246
0.632429 0.290436
0.648926 0.25328
0.516498 0.212809
0.776479 0.315445
0.561188 0.300935
0.699507 0.145221
0.929023 0.979606
0.032338 0.563875
0.7761 0.774365
0.390655 0.623811
0.415991 0.925007
0.772501 0.772933
0.158204 0.335684
0.00087899 0.161019
0.130015 0.433319
0.754266 0.762444
0.723755 0.403191
0.015725 0.240253
0.616 0.792203
0.555698 0.177188
0.093138 0.255205
0.322409 0.022161
0.234811 0.354747
0.586035 0.010911
0.129111 0.976691
0.634723 0.545102
0.901698 0.407224
0.318036 0.059902
0.742907 0.318915
0.220921 0.872922
0.752233 0.975187
0.635366 0.475989
0.378378 0.651091
0.716242 0.994378
0.443294 0.271941
0.171566 0.536432
0.527146 0.493976
0.558592 0.761957
0.848722 0.144628
0.772868 0.977834
0.121319 0.407591
0.522936 0.023016
0.814815 0.840972
0.082918 0.557722
0.159886 0.303839
0.430644 0.912119
0.279026 0.066011
0.388108 0.657403
0.717102 0.10435
0.651781 0.160395
0.376291 0.823348
0.696827 0.903437
0.317323 0.25542
0.665394 0.166045
0.400048 0.438262
0.143879 0.521366
0.845853 0.666815
0.544383 0.660668
0.507786 0.627301
0.21839 0.667672
0.93114 0.649034
0.579792 0.210166
0.715045 0.9679
0.867569 0.432147
0.07225 0.51935
0.592542 0.448542
0.342698 0.289369
0.351978 0.660021
0.544789 0.017372
0.826066 0.944836
0.455634 0.969945
0.466203 0.301487
0.63676 0.010585
0.962155 0.144546
0.637886 0.180545
0.812218 0.569026
0.829579 0.39201
0.779191 0.544624
0.35991 0.64676
0.976771 0.43216
0.166111 0.569313
0.880702 0.508808
0.858682 0.23268
0.168829 0.403471
0.250052 0.994895
0.348307 0.705687
0.96484 0.81451
0.00717399 0.601599
0.825095 0.969329
0.746145 0.462981
0.149874 0.558363
0.032007 0.979453
0.950373 0.811199
0.524077 0.310283
0.457959 0.500848
0.742443 0.62407
0.070161 0.623144
0.132878 0.928843
0.855825 0.301707
0.332314 0.105877
0.296602 0.680621
0.811564 0.261442
0.495131 0.818737
0.863042 0.320226
0.788066 0.609187
0.783207 0.93794
0.16755 0.815214
0.917393 0.117923
0.626413 0.441471
0.428205 0.084372
0.942319 0.170648
0.708442 0.01248
0.793793 0.84132
0.941324 0.649617
0.143027 0.273638
0.755494 0.439629
0.954259 0.567058
0.701071 0.44939
0.385795 0.564112
0.769615 0.173862
0.173299 0.552823
0.111802 0.340849
0.368037 0.029195
0.458772 0.994449
0.470665 0.886977
0.078821 0.412984
0.057625 0.787263
0.425464 0.851418
0.628583 0.366788
0.501035 0.771609
0.640426 0.256529
0.211238 0.594684
0.823587 0.912309
0.044074 0.209382
0.476421 0.81369
0.383244 0.649721
0.366512 0.495046
0.99057 0.734549
0.52424 0.449341
0.728998 0.994905
0.336318 0.80782
0.40789 0.393943
0.595083 0.833354
0.245361 0.223665
0.200142 0.746396
0.995275 0.840567
0.00292599 0.206513
0.435252 0.826513
0.118822 0.479326
0.035895 0.595243
0.293015 0.419139
0.244964 0.659527
0.914185 0.235534
0.394076 0.438425
0.684875 0.123074
0.433331 0.021193
0.930894 0.84122
0.415137 0.525976
0.674574 0.660498
0.749642 0.874716
0.406894 0.744916
0.715283 0.40982
0.951429 0.150535
0.236333 0.070251
0.629861 0.272228
0.665494 0.922876
0.691367 0.910458
0.582403 0.605552
0.145992 0.976479
0.043978 0.830867
0.099554 0.477308
0.85206 0.030447
0.318528 0.267197
0.556424 0.993102
0.927695 0.306065
0.867818 0.334589
0.050981 0.583101
0.744408 0.00240999
0.733636 0.980741
0.072661 0.363496
0.252969 0.738156
0.286372 0.944336
0.648614 0.868776
0.549889 0.794606
0.845255 0.593866
0.625473 0.944809
0.071175 0.477534
0.975256 0.389703
0.74473 0.53168
0.382806 0.672425
0.837745 0.250624
0.00701401 0.888727
0.833725 0.751422
0.891137 0.567361
0.732163 0.963799
0.930858 0.985132
0.701954 0.21723
0.929469 0.350568
0.086006 0.479357
0.145175 0.931261
0.073224 0.770648
0.87607 0.144399
0.248182 0.851327
0.534102 0.992912
0.383007 0.916908
0.665337 0.220752
0.167532 0.672351
0.109479 0.001257
0.423773 0.000616014
0.568618 0.155936
0.964415 0.499476
0.141068 0.666369
0.716706 0.070537
0.016937 0.802712
0.549894 0.162112
0.733973 0.623118
0.93276 0.610043
0.767517 0.180941
0.46137 0.301619
0.173854 0.844377
0.218527 0.839191
0.065129 0.386059
0.511541 0.174608
0.387317 0.935314
0.175224 0.955935
0.09125 0.139639
0.455411 0.232318
0.806008 0.172117
0.302855 0.822945
0.974829 0.85275
0.985057 0.708802
0.475868 0.917817
0.318845 0.243385
0.098758 0.780215
0.545005 0.272612
0.624592 0.763532
0.111803 0.68972
0.149591 0.623344
0.864328 0.536908
0.558658 0.039553
0.492843 0.649909
0.179192 0.948254
0.882227 0.9852
0.120371 0.185082
0.808145 0.095199
0.037832 0.793202
0.804001 0.5137
0.711019 0.122846
0.757085 0.809777
0.903061 0.30209
0.082389 0.527653
0.065622 0.194191
0.217373 0.215213
0.817535 0.081702
0.752121 0.376194
0.121254 0.244964
0.026102 0.300446
0.193217 0.908329
0.285645 0.313588
0.093412 0.09379
0.408787 0.131244
0.886992 0.212788
0.644944 0.598011
0.335635 0.402029
0.407788 0.238696
0.704119 0.490177
0.766349 0.769741
0.684368 0.983723
0.984954 0.501904
0.065424 0.737075
0.878097 0.186679
0.982038 0.9042
0.487124 0.175256
0.812529 0.77277
0.488844 0.905941
0.86656 0.897631
0.037185 0.753552
0.110419 0.682129
0.351563 0.446054
0.084158 0.759351
0.68475 0.788277
0.249527 0.4511
0.558018 0.933895
0.434822 0.542972
0.435799 0.500247
0.280047 0.313896
0.686925 0.262086
0.218096 0.17405
0.437341 0.030625
0.94682 0.926185
0.936566 0.81338
0.823816 0.973751
0.566932 0.934235
0.655881 0.918494
0.380289 0.740039
0.677845 0.065039
0.528316 0.927372
0.516139 0.086335
0.861267 0.950961
0.629307 0.297067
0.451208 0.909354
0.610963 0.138133
0.17144 0.829059
0.312183 0.608781
0.859685 0.259002
0.534966 0.796251
0.072382 0.358782
0.770003 0.639313
0.293017 0.425883
0.557807 0.673306
0.165922 0.235652
0.738345 0.694238
0.163024 0.254484
0.780573 0.024292
0.205445 0.40988
0.321358 0.656653
0.319234 0.932321
0.794786 0.490673
0.76138 0.106969
0.099454 0.621065
0.365971 0.63442
0.417316 0.438352
0.993202 0.187319
0.077665 0.286219
0.613202 0.635472
0.959525 0.779124
0.871125 0.69787
0.473362 0.034149
0.952354 0.253935
0.05844 0.1578
0.663814 0.379799
0.814453 0.983048
0.31212 0.609239
0.473722 0.0735
0.716208 0.573176
0.694565 0.082178
0.207597 0.111881
0.52053 0.200799
0.2992 0.598195
0.487018 0.912402
0.233668 0.446542
0.691525 0.104792
0.144412 0.164887
0.138941 0.096767
0.418822 0.197382
0.254567 0.082636
0.57718 0.06902
0.065685 0.8893
0.678259 0.539406
0.9628 0.394466
0.112583 0.657366
0.476644 0.320179
0.769247 0.997175
0.520978 0.068447
0.59537 0.00799599
0.980849 0.829038
0.454538 0.672374
0.93383 0.59895
0.837261 0.072772
0.695717 0.256083
0.270153 0.950284
0.338719 0.847334
0.019303 0.404403
0.736634 0.697562
0.94381 0.699434
0.092029 0.056392
0.3568 0.568673
0.376572 0.126047
0.565848 0.89755
0.194494 0.161218
0.905546 0.175342
0.990256 0.360084
0.847716 0.924086
0.959034 0.684977
0.996858 0.654751
0.94106 0.267011
0.605035 0.279778
0.114345 0.624338
0.684182 0.850978
0.321901 0.627992
0.550413 0.413929
0.684384 0.907212
0.982602 0.060956
0.033259 0.54845
0.958506 0.227753
0.709668 0.864051
0.403095 0.699924
0.224135 0.250811
0.62401 0.183169
0.935788 0.620868
0.83792 0.876848
0.887879 0.442955
0.156626 0.002224
0.067293 0.840808
0.853202 0.389194
0.468799 0.403615
0.803123 0.153183
0.310827 0.785726
0.214139 0.344086
0.334176 0.172645
0.571839 0.043844
0.036696 0.974934
0.743768 0.260831
0.225746 0.367778
0.444 0.161534
0.988646 0.28192
0.038381 0.876525
0.724876 0.195007
0.878748 0.792169
0.035815 0.73195
0.181363 0.504614
0.135565 0.984486
0.657798 0.446392
0.770212 0.871937
0.790478 0.104388
0.044581 0.362317
0.148232 0.081278
0.337251 0.891999
0.342109 0.562997
0.259777 0.786109
0.724531 0.248423
0.06803 0.762912
0.124948 0.792905
0.95792 0.00369599
0.585074 0.993735
0.735647 0.766437
0.498349 0.871212
0.750923 0.156147
0.317604 0.521135
0.028083 0.108082
0.625523 0.072665
0.470399 0.773755
0.153942 0.80765
0.665754 0.496051
0.370647 0.925532
0.28216 0.095178
0.173955 0.35019
0.85809 0.298903
0.143095 0.81601
0.302599 0.728169
0.809744 0.038246
0.494606 0.308093
0.909457 0.24553
0.46424 0.227061
0.766665 0.492323
0.335143 0.392188
0.564988 0.805541
0.165943 0.71893
0.613192 0.831697
0.214982 0.983839
0.757229 0.497142
0.079017 0.931183
0.847332 0.937107
0.230086 0.990427
0.753117 0.532685
0.718596 0.562861
0.570931 0.213202
0.870954 0.480388
0.458732 0.335194
0.707449 0.225397
0.827517 0.042592
0.617585 0.392505
0.848133 0.783528
0.111436 0.461325
0.615225 0.326417
0.445164 0.372454
0.823559 0.524181
0.303637 0.670891
0.461288 0.533723
0.661318 0.214405
0.066409 0.379914
0.777266 0.63734
0.593116 0.64822
0.117728 0.051848
0.983414 0.825177
0.277245 0.810932
0.867769 0.894831
0.203437 0.715902
0.678359 0.314873
0.177227 0.293584
0.64129 0.622391
0.666037 0.46485
0.146572 0.969675
0.135741 0.60786
0.503398 0.797059
0.822265 0.569807
0.176973 0.599531
0.207146 0.770089
0.247751 0.324874
0.821938 0.231166
0.150051 0.099183
0.042097 0.01782
0.994014 0.245534
0.733722 0.672372
0.560407 0.910948
0.965956 0.201698
0.533339 0.631993
0.666547 0.679911
0.601668 0.802288
0.287771 0.105066
0.599347 0.110036
0.674873 0.77632
0.709567 0.882019
0.546409 0.957318
0.206893 0.368347
0.188484 0.356944
0.46753 0.230581
0.374764 0.461543
0.476116 0.108485
0.133915 0.036523
0.019434 0.099871
0.238221 0.552773
0.731865 0.904768
0.232684 0.333533
0.707056 0.520455
0.438599 0.306403
0.630491 0.113471
0.082722 0.340058
0.99549 0.629132
0.297376 0.202383
0.997478 0.48586
0.559327 0.465008
0.716441 0.934091
0.926551 0.192557
0.042576 0.060467
0.229079 0.06201
0.160338 0.4673
0.614782 0.892203
0.372068 0.847466
0.225736 0.079123
0.367921 0.664335
0.385526 0.998412
0.777806 0.468249
0.33847 0.773296
0.09738 0.635846
0.975679 0.094858
0.121706 0.535006
0.559866 0.838147
0.469097 0.486418
0.030703 0.511673
0.546885 0.259782
0.573683 0.707223
0.727082 0.188465
0.599426 0.09915
0.035931 0.825162
0.178274 0.403852
0.489496 0.5638
0.402264 0.267302
0.032048 0.740733
0.040599 0.129428
0.376579 0.016278
0.224286 0.498285
0.551284 0.784153
0.336431 0.020381
0.270571 0.367134
0.532054 0.817455
0.626917 0.105737
0.524678 0.353999
0.294202 0.124104
0.453149 0.330134
0.949265 0.631423
0.733986 0.438761
0.195222 0.13625
0.706064 0.22727
0.876984 0.746662
0.356698 0.253563
0.76294 0.580985
0.751847 0.314225
0.365138 0.088279
0.334606 0.635708
0.455413 0.86666
0.453164 0.08233
0.972397 0.977841
0.436329 0.2666
0.101945 0.889479
0.596733 0.05121
0.520902 0.330719
0.489971 0.716124
0.466969 0.196035
0.943395 0.343953
0.942697 0.300093
0.597516 0.705638
0.881078 0.349363
0.019862 0.246216
0.437642 0.354468
0.881924 0.893055
0.221128 0.335087
0.975385 0.193525
0.312929 0.411714
0.460125 0.414874
0.301193 0.056858
0.466084 0.822095
0.387577 0.956055
